338.6393
331.95062
332.72665
328.64456
326.67126
330.50638
334.1681
320.464
322.29745
326.26315
337.47653
322.95602
324.0969
318.05435
327.27667
311.2229
317.00113
309.63016
319.17075
312.2985
305.95508
301.37778
299.35995
304.71722
311.2351
307.75275
304.83295
308.43848
303.5364
301.8562
290.1588
300.1229
303.28766
289.48166
299.4071
287.62482
281.06238
283.65787
291.24835
279.5478
285.94244
277.67792
285.7924
285.2236
280.11597
288.88058
279.18878
281.99576
266.13217
276.30408
273.06772
269.2362
269.1693
264.12415
271.18283
267.29877
268.05545
252.79822
258.25656
262.4034
260.34207
254.07591
258.24615
255.7069
252.95578
249.13959
259.97668
253.01646
246.07507
240.42226
243.48259
253.58951
241.68475
242.23264
240.26321
229.12622
235.32248
232.51225
235.99358
236.2081
231.89682
231.83237
228.5254
226.68138
214.81519
226.23914
220.2829
226.0378
221.27625
213.40997
215.13235
212.159
215.84427
213.40828
222.92183
211.45274
210.40599
216.22273
198.77283
212.21693
204.6551
202.21725
205.24266
186.34889
193.2825
193.34819
190.34589
194.42502
198.66391
194.39626
188.38596
195.56998
181.33931
188.07536
184.61893
175.34496
173.57451
172.46606
173.98764
177.26279
178.27196
171.99924
162.87956
168.87907
165.63904
172.24557
155.73299
156.64137
166.08182
163.20032
87.551735
86.330124
64.56319
70.07037
48.18941
38.19133
45.669567
47.3094
47.49763
74.6653
52.51329
52.238167
54.25093
46.10468
61.980957
50.673904
82.70162
66.36745
106.55255
55.053467
61.578278
55.634686
48.01533
54.918243
45.713634
47.546543
123.446304
113.05239
62.890812
53.117245
58.917145
79.70708
56.666134
55.115124
52.857517
33.846943
42.913673
46.59725
106.98251
55.036354
96.1092
64.34023
67.23053
70.58028
50.843716
42.14709
47.97689
111.973206
50.890324
81.90025
74.84315
98.7776
70.712395
46.82161
46.082394
48.109287
87.42799
97.4289
61.65841
64.92636
75.59808
83.37751
51.431618
49.616573
79.63961
88.219696
43.988132
71.75443
48.707516
46.47343
66.1335
98.31785
55.07202
61.189415
71.80126
63.526917
42.063385
46.864147
42.15202
45.36114
42.396366
49.015984
47.525154
47.69637
47.281754
45.12578
44.84822
46.789375
47.469017
46.11994
43.197296
43.37514
46.001373
43.337
44.109673
45.224037
46.124657
42.69407
42.64211
46.10013
43.480347
44.47761
43.72758
44.09623
45.167557
47.57513
41.618736
42.971413
45.243214
48.204777
41.547615
42.95863
44.68383
48.756374
43.84322
44.944218
43.506474
47.789036
44.303482
44.01124
47.19022
51.354084
47.88934
48.681454
45.043262
49.67862
44.663548
54.301723
46.4391
42.70921
44.86717
44.524883
46.131966
51.789722
45.210835
41.220394
47.47269
46.952145
46.350285
46.811893
44.075275
46.742107
44.83109
46.92792
43.497223
48.083298
45.414894
41.168335
47.215195
46.01833
44.076794
44.308247
45.189228
47.221264
43.483074
41.657608
46.841724
42.896473
45.207573
45.850998
45.622593
45.000088
45.740276
40.357166
46.726173
42.149
44.99794
44.577564
44.283848
42.74382
41.573307
45.405083
42.658474
44.012432
44.794125
46.262985
42.166534
44.804756
43.998882
43.12016
46.50167
48.764812
42.14999
46.367973
43.04924
42.803642
44.366306
44.128536
43.41905
43.90313
43.046257
45.653683
43.528866
45.3652
44.96354
39.915607
42.932236
45.824856
41.85473
41.80941
50.873287
43.51137
44.573322
43.512722
45.231907
45.988293
47.68953
78.94968
88.44259
53.80742
59.28439
52.123943
30.18903
37.507915
45.17246
41.985565
61.3368
38.6528
54.705162
40.697323
28.647144
50.23527
33.840645
75.56472
52.50648
95.26271
45.55792
44.19363
32.610664
38.070503
39.494328
40.09768
40.01637
110.41899
101.77595
59.40296
36.83862
53.518333
83.909294
63.74173
52.811443
41.70877
29.811216
27.183949
29.669348
95.23151
40.17691
86.96626
57.263134
40.692295
62.440327
38.352715
33.27588
49.013557
99.50886
43.523155
73.6863
69.85495
78.00939
63.949806
48.059418
41.82202
30.424198
81.53796
87.83953
46.887108
55.090405
58.088596
90.36362
45.745922
40.47618
68.44038
66.08585
42.573982
55.672028
49.20349
38.108932
53.336216
97.75235
46.951595
57.233585
66.94331
42.490623
29.874317
42.736717
46.199913
41.571896
42.122887
46.544605
42.03384
40.981255
42.84679
45.484306
43.702785
46.11922
43.527237
43.316326
41.37719
43.731323
39.159725
41.722404
43.2344
40.5726
43.091995
40.444168
40.898125
42.311554
42.438644
43.154083
40.53001
40.87705
43.666508
42.980362
44.023895
40.997086
40.900963
42.725372
41.18172
40.303566
43.804543
41.487236
42.4572
41.8709
43.64938
42.571968
44.16057
42.205956
43.774822
43.20897
42.64626
40.60189
46.06096
43.806488
38.994965
42.29788
44.091263
41.71583
37.955727
42.860966
43.15178
44.407455
46.382786
39.9839
38.77302
41.146084
43.70653
44.674164
43.188515
40.428722
41.653904
41.438736
39.402912
41.428425
44.937286
43.959095
40.840637
39.986496
41.44398
40.84589
39.738937
39.407307
41.033413
40.496315
43.241093
41.267017
43.72804
42.766712
42.839146
42.80434
43.222332
45.647728
41.873898
39.93878
41.587475
40.104702
45.741447
43.734562
40.34278
42.569447
41.445004
43.372322
41.997723
39.437775
41.98767
43.66304
41.028175
41.134365
42.510696
42.024834
41.185116
42.831146
45.87839
40.20029
40.298656
40.73982
39.154045
40.423187
41.404266
43.05427
42.113758
40.15763
46.156002
39.531654
40.908607
41.904564
39.876328
39.609608
41.40916
42.628334
40.83221
41.714893
40.84798
39.08263
41.761116
79.700516
85.02893
45.316185
61.29765
50.114754
30.183409
39.357895
44.897964
44.780006
58.604282
40.652107
54.511387
36.590454
28.608892
45.47551
34.305084
77.30925
48.45555
88.855125
40.053837
49.59581
32.024548
31.303972
39.717773
39.75091
35.984573
105.95001
89.15425
55.86964
34.868465
49.99295
76.63744
53.501976
47.179733
41.98073
29.490284
27.055641
28.04284
91.43249
37.503326
86.36677
47.676952
39.44861
70.93215
39.546402
30.738964
42.691025
108.38589
50.844112
75.12951
67.16178
77.98038
63.77649
46.680397
42.091846
33.91847
84.683876
96.518234
47.362473
54.653088
61.677853
83.549065
39.10466
35.672142
68.69012
64.679825
34.50091
51.784733
42.148376
36.344215
58.38529
105.08545
46.975918
62.528797
63.645382
41.10466
27.97079
39.501987
39.112053
41.22775
41.528736
42.998478
38.00377
38.628666
41.67307
39.551426
39.575703
38.722496
40.44613
40.407143
37.049072
39.861034
42.15111
40.275345
37.406372
41.53592
40.740726
39.811325
39.71369
42.174816
39.39522
39.146534
39.73423
38.212345
42.660915
42.48768
40.481457
41.15795
40.361748
41.094006
38.276356
41.05027
43.05583
40.845062
38.48999
41.619797
37.55276
41.418427
42.287437
42.7065
42.645905
42.455822
40.35937
42.180233
39.38414
39.835613
44.75845
39.486217
40.160748
43.228703
43.198734
41.80245
39.2729
41.62157
39.90855
36.766537
38.91011
43.569817
39.746445
39.638824
39.402214
42.1277
39.1502
45.702995
41.512825
38.993988
40.389797
41.65957
38.026733
40.731586
42.39432
40.712223
39.193882
39.3489
38.572624
37.74156
43.585854
40.663876
39.30568
38.091763
42.690235
39.048454
40.569046
42.300438
40.19458
40.07013
41.2525
41.648922
38.447685
39.713326
40.5316
37.7763
39.373352
42.22372
35.04042
39.01334
42.07806
37.903282
39.153465
41.401646
41.77503
39.539017
40.9271
43.566456
40.826935
41.267033
36.897793
37.761223
40.041496
39.964157
39.151585
42.19652
40.975777
38.658695
40.01188
39.088047
41.449486
39.08688
39.434177
40.979782
39.74383
38.959126
41.615814
42.177673
39.689632
40.30917
39.4265
80.38707
86.82673
46.141285
59.861084
48.476658
30.415167
40.079597
45.712925
40.90537
61.22218
40.199493
59.021416
35.564064
28.051691
46.438595
32.40567
76.92867
47.52638
88.985954
41.309258
51.731014
30.28353
31.57246
37.87939
41.056725
36.8463
103.4116
84.9576
55.025166
36.164463
51.831463
78.215744
50.758133
47.37064
40.121468
28.722218
25.091913
28.931578
90.57995
38.20836
84.72339
50.080112
35.17272
67.876526
39.207237
29.287447
44.67565
111.681564
47.332024
76.35522
66.91601
74.465256
64.38517
48.73673
45.302696
36.01408
88.92419
96.83166
45.264206
54.69586
65.57743
81.96371
37.8074
34.34053
66.30686
63.000874
34.474014
53.40467
43.781483
36.71602
59.757114
105.51731
46.400486
58.00864
66.255585
38.4342
28.445312
38.596233
37.447285
36.190083
39.744717
39.11246
37.61002
39.001785
44.82793
38.837357
38.076153
37.316734
39.69302
36.439888
42.577446
37.83656
38.712116
40.2445
40.66195
39.97045
37.786766
38.113724
36.619335
36.647755
38.466553
40.48265
40.716255
41.88429
40.576797
40.772717
37.18079
39.77186
37.516716
40.160587
39.65604
40.070267
39.408802
39.593395
40.090885
39.961548
40.836468
37.235386
37.558884
38.640007
38.27553
40.117573
40.30897
38.75126
41.207676
37.66065
43.237995
41.96377
41.606068
39.42447
42.45355
39.56137
40.65262
36.76789
41.48991
35.940674
39.546318
38.62369
37.129143
37.83044
39.856377
43.688232
37.15036
43.17652
42.048313
38.788128
39.530167
45.707516
42.56882
42.671272
39.824306
38.019066
39.476597
38.59103
37.15494
36.934605
39.946213
39.948803
38.31527
37.217644
41.747833
36.9573
43.243084
41.998547
39.275307
43.79082
37.17732
39.921654
38.72338
39.615517
38.280796
35.80292
38.95746
38.01748
39.515583
38.235584
42.654716
40.167027
40.27805
39.77209
35.217106
42.956768
41.739113
39.106144
41.441868
39.917442
35.53046
39.773907
38.438976
37.29611
38.966366
38.868824
36.187042
41.628807
40.089954
37.87505
40.74743
35.82067
40.36672
39.296898
40.72524
35.35688
39.311447
36.607006
41.15022
39.697685
39.872147
81.13307
88.78757
47.0152
58.503746
50.22716
32.596123
39.65483
46.94836
43.00129
61.334335
38.959274
57.21666
35.551025
26.89706
49.433384
30.945522
76.233955
49.874996
89.74186
42.928177
49.872932
29.888376
31.366531
38.037613
38.540707
39.23226
105.272835
88.36147
55.4384
34.646175
51.027576
78.31389
55.03347
45.726982
40.72523
29.692993
24.747551
28.057268
91.68283
38.21778
85.69179
47.26075
36.62488
67.428276
40.9257
29.123594
44.08141
106.56809
47.493393
75.61426
66.86334
75.80827
65.61354
48.547684
46.317013
36.692657
86.81982
93.92259
43.800655
56.518288
61.666576
80.551155
38.28779
34.359943
67.70952
60.505047
34.285355
53.23147
44.2331
38.08697
60.721313
106.402534
45.987873
59.624245
66.52016
39.6588
28.932356
39.761875
37.80652
37.0044
40.924747
38.93807
35.95066
37.227074
37.360516
37.82361
38.338234
39.74458
40.340042
38.202988
37.906178
37.17194
38.63908
36.81534
40.833923
37.83022
40.995235
41.47035
41.765526
38.387264
38.005615
40.353626
34.55096
36.883255
39.27692
39.04097
36.300385
36.26561
35.636124
39.925877
38.293945
39.162136
35.40858
39.707714
38.959705
37.85148
38.321743
39.419243
39.57271
41.271145
39.399864
36.94585
39.80937
39.15537
37.504356
36.96944
37.625404
38.252144
40.558
38.478504
39.589027
38.212124
38.18118
37.357758
38.254707
38.93088
38.00187
39.406925
37.93527
40.103985
38.312744
38.726456
39.438248
37.183308
36.61961
38.21315
41.1171
36.344738
38.19241
38.752518
35.66377
38.9715
40.172283
36.994358
36.523666
39.808132
38.34123
38.99896
41.5723
39.196327
38.459927
37.9268
38.92861
38.331497
37.974888
36.91546
36.893723
36.86846
38.39983
40.454227
37.373524
39.12031
40.29497
36.683434
40.093258
34.67108
36.20334
36.66694
41.111572
37.023193
39.31478
38.51084
35.92304
40.64789
37.53227
40.11268
38.558605
37.908447
39.093853
37.123325
37.52646
37.44435
37.077034
37.344883
37.297367
40.460613
35.045063
39.52216
38.056114
39.8702
37.95045
39.258457
39.558437
35.584328
40.877567
38.75311
38.322254
79.71666
86.36985
47.10136
56.04935
46.131332
30.944122
36.930965
44.924393
40.14898
62.13157
39.27165
54.96853
36.510185
27.454912
46.032322
33.31571
75.62172
49.89298
94.04357
42.453373
46.999046
32.757122
31.03382
36.834774
44.772987
41.09473
104.27515
82.7027
50.284775
43.390038
50.017895
73.66376
41.51627
53.797615
38.716537
28.888437
24.67856
28.805748
90.136154
39.297585
85.89904
48.78804
41.484215
63.264847
37.3363
29.955858
41.148083
104.65259
45.869358
77.5575
65.01244
77.31634
63.45572
48.05
40.929024
35.305637
84.05341
93.1424
49.09561
53.353348
60.312023
78.45416
37.696667
35.630714
69.4851
62.071075
29.92997
53.940453
42.766487
34.904354
57.584335
102.2834
43.166084
57.777893
64.87448
42.009644
28.249006
37.534718
38.948997
35.05579
34.936573
36.122204
36.1797
37.550453
40.414925
39.11405
36.73348
37.357243
38.285305
36.75259
39.073856
37.82909
38.047497
39.278625
35.372047
37.197716
38.531044
34.43155
37.24922
40.077396
35.68278
40.713337
35.572834
37.92337
35.56585
36.614998
37.14351
38.95715
37.8696
39.24974
39.646053
36.471752
37.354702
38.746113
37.772232
37.33113
37.35034
35.46187
42.53646
36.87643
37.68128
36.840374
38.33092
39.76995
39.21101
36.071533
37.044445
37.602287
34.90725
36.423378
37.048256
35.30641
39.678417
37.368927
36.121002
38.446014
37.838367
37.050514
36.86676
36.591133
36.728462
40.247246
35.039536
38.627563
38.497948
35.218628
35.076405
36.041832
38.72302
35.312237
35.57456
37.953762
37.78941
38.64672
38.94187
36.035004
38.04806
38.214653
36.475513
36.82431
40.305763
36.796253
40.307064
38.24381
38.249786
35.55522
38.2197
37.59993
39.425396
36.94805
35.727657
34.80952
36.831676
38.297054
35.11649
37.69009
37.438164
37.44686
41.607594
35.896282
35.654613
38.37984
38.325264
40.6306
41.157825
40.79375
39.492695
35.82855
39.301132
35.818523
35.369392
39.889835
40.03302
37.717033
38.940624
37.461506
37.15895
40.979774
40.72021
38.814045
36.116398
38.048706
35.656628
38.378304
36.119324
35.579933
40.47444
80.700935
84.34101
46.02235
56.576115
47.230602
31.307909
37.50921
44.56593
40.413326
57.134686
40.62607
51.990643
37.089535
27.923328
50.82979
33.749023
75.64475
49.657867
91.93193
41.382538
44.402157
32.867443
31.45148
38.658203
43.815243
41.18689
108.56363
89.85311
50.50986
42.027477
48.860607
74.74263
44.45627
50.561546
39.757015
28.703894
28.28142
28.441383
92.795815
41.162506
88.62636
43.344204
42.617004
66.44975
36.924324
30.630249
39.870857
104.92394
49.115513
73.6909
64.24653
81.72201
63.734562
48.67398
39.289207
35.517544
80.817764
94.69201
48.609104
52.925316
57.58731
81.69289
35.04282
35.652107
72.25239
64.79052
29.637108
50.64948
41.522697
36.436153
56.73111
101.49449
42.34818
56.281677
64.099625
44.572838
30.541412
37.06526
37.572243
36.0016
36.385967
36.150623
38.215645
36.185177
37.36096
39.511566
36.458878
36.150894
38.784748
38.582916
38.78954
38.43543
37.62209
34.968464
36.19334
37.25545
36.769295
40.654358
38.416576
36.98695
38.61674
38.90681
34.62478
38.41171
41.037556
34.70345
37.703335
35.35937
34.93371
41.100403
36.635986
35.81534
38.71584
35.67585
37.734035
35.478104
35.665752
37.126667
37.073048
35.95756
34.661877
37.41757
39.182266
40.576077
39.555595
36.473335
36.411816
35.561913
36.07967
40.060116
41.426426
38.114437
37.220093
34.63146
37.91055
36.807625
39.370167
36.78566
36.83689
37.337
37.655205
36.83701
35.851097
40.857758
36.683395
36.297466
39.473362
39.0378
36.049465
38.91001
34.366188
36.600494
38.034187
36.630405
36.806587
42.300877
39.1771
35.73296
38.8141
38.551674
36.627533
36.29973
35.78387
36.072605
35.043194
37.852486
36.360786
35.20377
37.560417
35.461708
35.310238
37.2245
38.958725
36.823353
36.468945
36.986813
35.3548
38.745804
35.465714
39.00158
37.252354
37.31048
38.492805
35.741196
36.8165
36.869152
33.183353
35.773907
36.516838
38.059994
35.100975
38.73579
36.961174
35.730583
37.881565
40.946827
38.23244
39.69182
35.429768
36.74839
34.79521
38.02161
39.651604
38.389496
37.359306
34.81727
38.921745
79.668564
88.33127
47.45661
56.07608
48.284325
33.24506
38.702694
45.1019
38.88581
61.866932
40.634274
55.00779
36.751965
26.17785
48.69017
33.12691
74.95417
49.68021
94.943184
43.237022
45.381466
30.976461
32.84901
36.000957
40.48836
40.80329
103.48721
85.85301
47.932583
43.087776
49.793434
76.40875
47.113514
48.628002
38.409283
27.515282
24.320797
28.392418
93.32091
39.95138
85.14313
47.421837
38.40046
62.967285
36.32759
29.961315
42.629623
102.73894
44.52035
74.0826
63.85946
79.79657
63.733887
50.410297
42.12861
34.96596
83.21766
91.256935
48.969067
51.83073
56.051388
82.53567
37.541714
36.99092
72.40946
63.535557
29.322104
52.352913
44.95046
37.345303
57.84367
102.315445
41.435493
56.104412
65.67036
44.65482
31.82086
34.780792
38.084824
36.942196
36.361046
38.492935
33.90673
39.32712
36.210514
39.17861
36.23129
37.657043
38.440205
39.451344
36.482876
34.659935
34.63875
36.746864
40.261257
40.11157
36.892147
39.041836
37.975803
35.851013
37.32752
37.673923
35.3641
37.031784
38.486843
37.29325
33.84476
38.68428
34.035473
39.100983
37.36381
40.58218
37.18604
40.332592
33.384907
38.60302
32.568157
37.520966
37.018745
37.56044
39.31711
41.977325
35.679844
37.59389
36.144684
33.73204
33.087177
40.508465
38.80996
39.56761
40.135315
38.3578
37.475487
37.65832
34.966385
36.04443
40.05082
33.900936
36.36244
39.88321
36.631855
39.155212
35.905308
38.675133
35.983856
37.0087
36.859013
35.79045
33.560875
38.219913
36.261356
36.695515
38.7894
35.31838
34.62121
33.956932
38.900772
37.01595
33.765434
39.30071
34.373756
36.237446
36.300365
36.704105
32.872242
38.29683
36.701492
37.739227
35.254135
36.548218
38.30992
34.616833
36.0889
36.36733
37.59524
35.508102
36.50688
36.523106
35.695942
34.94759
37.810432
37.19738
37.42541
35.656834
36.618595
34.07175
35.186996
36.509464
36.669056
39.779602
36.611748
39.95666
35.730648
35.89568
37.79446
36.4092
36.367607
37.178246
39.744003
37.883667
38.583378
37.43197
37.225246
38.190968
35.958687
36.563107
36.862617
79.93557
90.07893
48.83023
55.56777
49.85632
34.88318
39.11944
45.59203
38.036873
61.450226
39.783726
51.969513
37.65782
26.777315
49.86685
32.235657
74.74641
49.729248
92.377975
44.016354
43.48397
31.679548
31.74925
36.26993
42.16832
43.734005
104.6278
88.637596
48.692467
45.166332
47.956104
76.95415
48.25811
49.20179
38.817722
29.441599
25.238596
30.141516
93.94903
39.39393
86.070496
47.2581
36.64349
62.626133
36.30506
30.620428
41.085106
102.64471
46.19969
73.70476
64.20405
80.382126
62.484493
50.302235
40.729465
34.366497
81.06562
91.18515
50.230736
53.16418
57.716454
84.52219
38.54812
36.573658
74.8367
65.25768
30.144396
54.448914
45.49466
38.710514
58.578186
104.29261
42.25989
55.818626
70.24494
46.211388
31.140427
38.29939
35.183224
38.48709
38.931755
36.534485
35.883015
33.614624
37.466793
34.274277
34.589954
41.49343
38.58859
36.84313
34.175396
37.221004
35.20579
35.811844
37.088234
34.56906
35.919548
36.35494
33.65981
34.813858
35.54473
37.09652
36.109886
33.415565
36.25894
33.296925
39.56275
38.37246
35.65927
34.18465
36.27469
36.74115
35.038845
36.749043
37.910328
37.286327
35.01348
38.045406
37.68492
36.752068
34.55266
37.68059
40.319756
35.00965
38.29507
37.98954
35.945473
36.777493
35.23255
36.291954
35.834564
33.635983
36.572292
33.8056
40.368748
36.076134
35.62179
38.306038
35.143047
36.294857
33.76962
35.27027
38.03243
36.93234
35.94458
36.678963
36.918995
35.34686
34.10785
34.935
36.63027
35.857555
42.272106
37.021416
39.35568
36.712032
35.842743
36.08026
36.085472
35.677963
37.715286
38.203808
34.55327
38.46945
34.791058
37.666794
34.426258
35.545094
33.901608
36.987835
36.524673
35.868515
36.921455
37.11131
35.341114
38.141613
34.41256
35.183403
34.253143
34.775185
35.621815
36.200375
34.736706
36.088924
38.409557
38.37991
36.47223
39.818607
34.866234
36.738842
34.86348
36.533154
36.40173
35.812744
38.09761
37.189278
37.038017
35.56
33.831528
39.179295
39.850975
35.21765
37.077274
33.99387
37.19016
34.32052
36.794445
81.549
91.9809
46.75013
56.873413
48.29233
34.71035
39.013523
43.81462
38.79378
59.569702
41.280247
53.156273
36.0197
26.78425
48.661476
31.468554
77.2337
48.8896
93.50505
44.620052
45.08098
31.877508
32.51513
35.996613
40.110237
44.256195
100.54155
83.383125
49.137993
44.02617
46.89397
73.225266
45.821167
47.838497
38.813087
28.998129
26.928581
30.78708
93.54497
37.739002
85.19706
46.970284
36.34654
63.524426
38.370125
31.416058
39.631042
105.544304
45.443798
75.199356
65.82441
80.97932
65.29583
48.914852
39.224194
37.35742
82.47525
91.91264
49.696022
52.13592
59.340908
82.59982
37.417023
37.38253
71.13371
61.637226
31.364851
53.29691
44.692417
38.65963
59.640236
103.98833
41.987095
54.4814
67.8813
43.569798
30.382618
34.341923
35.07897
36.256805
36.21231
34.14252
34.058052
34.830036
36.40602
38.872353
34.484898
32.27455
36.15387
34.864475
34.28395
33.492104
34.33547
34.451508
35.03607
33.424793
35.389103
33.687347
35.221165
34.285385
34.389473
37.418755
34.43021
36.57423
34.077606
36.775616
35.641193
36.78411
39.06763
36.440804
37.309433
35.826424
34.70429
37.76162
34.588795
34.092175
34.539932
34.539333
36.578342
33.120815
34.324833
34.36766
33.92243
34.871765
32.722668
35.976524
34.556076
35.625366
38.64763
34.979992
39.517117
34.58136
35.195152
37.23801
36.002403
36.182594
36.50267
38.69029
36.415176
35.4227
35.398556
36.460106
33.86062
34.573135
35.90004
34.068283
34.622505
34.806908
36.665104
34.545395
35.96953
36.31982
37.6511
35.592953
33.093815
35.04471
37.423645
38.74763
36.24252
33.371384
37.810867
39.114197
35.36575
36.549023
37.680336
38.5862
35.97475
35.514015
36.526833
33.77529
36.573383
36.846016
34.813328
35.28927
35.65167
38.159973
33.505505
36.66756
34.741528
32.908222
34.457882
36.199104
34.920784
38.01503
34.751682
34.424774
35.307827
35.651363
36.109295
35.47332
37.80302
33.206554
34.2274
34.614902
39.35386
36.32735
34.08547
36.77013
35.623905
37.13629
33.864323
36.040405
35.364407
36.68203
35.14991
35.926296
35.489304
83.072105
94.9731
47.174282
57.455162
48.04948
36.191803
41.79956
47.07999
39.551758
60.91726
41.61399
54.37578
36.433804
27.567144
46.71117
32.673626
79.04543
50.27197
93.95651
45.43117
45.00965
30.527763
32.063667
35.836594
44.34275
48.47742
101.3852
81.821815
48.913387
49.01031
43.86083
71.13233
39.411743
48.193855
39.1226
32.501762
26.54041
32.74601
91.061325
39.012875
84.9335
46.586067
38.909187
64.372574
38.211716
30.55996
40.19422
106.17351
46.185966
75.943756
66.78897
80.49462
64.69892
48.073956
40.514816
38.115
82.71536
92.84817
48.39181
54.748978
63.577133
79.388245
39.46578
38.740234
72.26476
62.73491
31.528269
53.67562
46.49231
40.197052
62.35103
107.63942
42.6347
56.291733
72.389496
44.49641
30.039608
35.61359
34.902836
33.952656
32.63731
34.413605
33.60657
34.909416
35.591248
37.18978
35.623974
34.582382
36.091713
38.23674
32.50993
35.321373
38.82627
37.966606
35.043106
37.575493
36.27346
33.482353
37.211338
36.649063
38.841568
35.087063
34.478546
36.968925
38.373917
35.54914
35.941135
34.13372
36.859993
32.55368
35.153515
39.514503
33.890373
35.431858
37.58632
34.98941
36.076538
34.99346
33.169388
35.569447
33.965744
37.794613
34.271255
34.311146
35.542995
34.5855
34.005047
32.6236
35.439793
37.095947
34.164658
36.891567
37.332603
35.303562
34.884674
36.135544
36.088505
37.10488
33.21279
35.013138
36.28304
34.933426
34.827778
34.39289
33.571648
38.861477
33.210068
38.07248
35.910408
36.50836
35.540977
40.907825
35.043934
33.045597
36.172535
33.17293
36.48996
35.98596
34.470776
37.266846
36.20576
32.378956
37.913746
32.93568
37.589973
35.814056
33.009007
33.468838
35.996185
34.143333
37.250793
36.869785
35.276276
33.732914
35.995327
34.30416
34.430843
40.27322
34.827038
32.58855
36.93214
32.257275
35.348915
36.709484
35.89763
34.468903
34.473927
35.66479
36.578445
33.042934
34.115032
34.48586
34.154633
35.194134
37.222633
34.79703
35.641212
34.951508
32.590614
37.11224
36.9731
34.863407
35.644493
35.03214
32.312065
33.79777
35.859596
81.13845
94.02639
47.81003
56.529915
47.887054
37.787262
43.100357
47.261616
38.133698
61.93916
42.51447
54.577965
36.62068
27.503582
46.65435
33.541794
76.40334
49.2161
94.47205
45.560387
44.9496
31.2973
31.772549
35.578888
43.154438
47.89315
103.43439
82.96064
48.645336
47.236794
45.527393
73.588936
42.077972
48.775135
39.13178
31.365189
26.223198
35.11778
91.00358
41.535484
87.03496
46.975887
41.255966
62.872955
38.195705
32.72391
41.736923
106.342705
45.18332
75.73242
66.16874
85.569626
65.27925
50.143986
40.598343
37.662926
82.69939
92.215904
52.49892
53.271336
61.791092
86.02634
38.561687
38.96163
75.538185
64.2146
29.950783
55.26517
45.72372
40.32148
61.604877
106.56711
43.399178
55.51286
71.89539
47.139748
32.273506
32.800056
37.16147
34.65142
34.31892
34.44601
35.47318
33.074577
37.222847
34.20714
36.958862
34.94636
35.8417
35.813942
38.873405
34.265766
36.832138
34.932823
34.610966
33.943417
33.376614
37.257805
32.436417
37.092846
36.585854
35.53729
36.54322
35.451008
32.772972
38.221264
32.308228
36.84821
34.683514
34.671684
32.509666
35.654232
35.279423
35.862476
35.186768
35.168316
38.81592
33.843727
33.95735
32.84361
34.058147
34.001144
34.21563
36.57385
36.41926
34.437317
33.75883
35.32375
35.295654
32.938644
38.431084
34.10572
35.592644
35.447525
35.132263
36.44552
34.05441
36.429333
36.034157
34.50414
35.271633
37.288593
34.558846
36.117073
33.431984
37.387146
31.71094
34.77231
34.704456
33.199894
33.601013
35.90029
34.89599
35.253838
35.40302
38.164352
36.644867
32.54488
34.6784
35.696075
35.921207
35.145805
38.11022
35.760338
34.267548
34.283768
34.31506
36.363857
35.596
35.0427
34.438766
33.112377
38.528656
34.088455
35.05691
33.3717
35.89963
36.73902
36.153034
34.40651
35.849556
35.68195
35.685062
33.790707
33.993088
34.24949
34.753513
36.437874
34.98016
34.495655
36.84806
33.092133
35.79991
34.45327
36.72049
31.801031
43.127396
32.283386
35.904305
36.810173
33.62044
32.32123
36.499027
32.665367
36.31572
36.979477
35.07128
82.83815
94.67296
48.01173
56.497677
48.68441
37.482628
39.138004
46.81716
39.089775
62.5773
39.60452
50.74983
37.155758
29.172945
48.086998
31.723047
79.533615
50.858334
96.70344
43.88071
43.778587
33.35411
33.510822
36.933884
43.79427
49.336857
102.21799
84.11454
48.964542
46.693333
44.86037
71.59539
40.465
49.502293
40.374912
30.613201
27.098715
34.07835
91.18911
40.208054
87.34452
47.952423
39.740387
65.1167
38.89237
32.90282
41.063576
106.35655
45.08032
76.78733
68.03011
84.607666
67.24823
50.765415
39.368877
38.67336
82.64588
93.05884
51.19943
56.17911
62.348343
84.74416
39.864613
37.57861
74.78558
65.74446
32.632515
53.836514
46.425182
41.761898
61.352802
106.03125
44.68732
53.75736
72.5249
44.79516
30.013412
32.415955
32.87767
33.910603
34.78357
33.029114
34.623978
35.995846
34.13085
34.925407
34.276894
38.87917
32.2055
33.780094
32.84142
36.48637
37.675808
34.12874
35.787777
34.35058
34.98243
34.382534
36.019394
32.528927
33.80707
35.985657
30.630291
34.567028
33.612183
36.98794
32.085087
36.394905
31.93393
36.401493
34.701103
36.562557
33.64776
34.71735
31.51959
32.69613
34.44377
34.074524
35.13098
35.38664
39.619995
36.195045
33.414124
33.94253
34.897083
32.90787
34.204975
34.979923
34.086452
37.61004
34.697643
36.27166
31.600342
34.45446
34.131577
33.882484
35.396446
34.26163
34.57905
33.361458
36.098114
34.005257
33.567486
37.649868
35.496685
36.101616
35.1923
34.64945
37.283665
32.406
34.36873
34.343636
31.763025
32.996204
36.10237
32.850937
35.199738
37.058006
35.86336
32.475807
34.768703
35.003227
33.394997
36.858395
36.034588
35.491665
35.056736
36.63571
32.827957
33.432186
36.54723
32.999947
34.678856
35.230686
33.324116
35.487095
37.411064
36.803913
35.59779
36.215702
35.740765
33.07072
35.44478
34.57442
33.882378
36.20894
35.733086
34.371815
36.80455
33.802704
34.035522
33.401897
34.836315
35.30432
34.602306
35.893112
33.03246
34.779053
33.528427
34.175575
34.73736
36.172035
32.854565
35.775
33.6469
34.32354
34.90214
86.6001
96.40856
50.873825
58.1232
48.054882
39.753975
42.67883
50.75227
40.98928
67.10849
41.092323
52.88555
36.228756
28.821697
46.73391
34.28686
79.923195
51.40853
101.82887
46.678246
46.72412
33.319763
34.798916
37.26971
48.480904
53.489235
98.067085
79.981804
50.014477
55.757877
45.550323
72.60947
36.079647
58.09559
39.632454
31.078102
26.698923
36.16491
94.46733
46.48402
88.41889
51.814117
49.43671
62.922935
39.57335
34.402718
41.754627
107.915565
47.576706
78.90898
71.53095
86.40593
67.61004
49.153984
39.831078
39.98912
83.565605
95.96124
53.406525
53.353123
64.56252
84.02021
43.221123
38.973507
76.97347
66.65345
38.184483
58.92935
47.161716
40.46293
63.468494
108.17673
44.207386
57.79936
75.37995
47.57456
31.316774
38.17206
30.83521
30.545807
35.784004
34.599567
34.505356
35.052937
33.78224
32.77575
31.379114
33.198524
33.494064
34.24797
36.963223
31.873459
33.844448
35.914303
33.76869
35.627396
31.151226
33.917732
31.432615
34.850418
33.56693
35.592937
36.519535
34.363857
32.13633
34.570194
35.0584
32.720123
34.83725
31.99063
35.173714
36.061264
31.2587
36.21982
38.19809
33.955845
37.646297
35.394962
32.858067
38.12591
33.449303
33.519947
36.2394
33.010586
31.949387
34.922276
34.53092
35.397945
34.169365
35.95126
33.402973
36.253654
36.827267
37.723667
33.273796
35.011185
33.896828
37.71872
36.139633
32.593334
34.49933
37.334637
33.846416
35.555225
32.58614
33.50577
32.417324
34.717846
32.108456
35.190887
36.279236
34.46434
32.7914
37.54991
36.676117
34.379288
36.02285
33.913536
37.538498
34.395416
33.792564
32.99364
35.7558
34.67034
31.968853
34.18477
36.291714
32.26755
34.904415
32.65201
34.766792
34.196926
35.55189
33.488712
33.65157
35.326786
34.276375
34.225773
35.5411
34.499706
32.078117
34.548573
34.277233
32.834225
34.645905
33.2702
32.28925
33.677185
35.24977
36.23196
35.802513
30.878304
32.150524
35.48292
36.74368
32.38102
37.896145
36.067043
34.21198
33.52813
36.45592
34.370167
33.18446
34.789833
36.180573
34.416553
34.11094
81.29376
94.65945
48.65069
57.953953
46.594612
38.826515
42.410957
45.72263
38.34936
62.949814
41.52906
53.645798
36.966812
28.79962
46.808735
34.157436
77.007706
50.227573
95.244026
45.046078
44.80688
33.10224
32.045074
35.69255
44.793575
48.169006
104.34048
84.24993
49.637226
53.18685
44.141388
69.65281
37.536434
53.178513
41.02711
32.491386
28.150944
38.72949
89.43262
39.44598
86.04085
49.858063
47.121292
63.478058
37.686024
34.57214
42.19477
104.0239
45.394066
75.765724
68.08281
84.8893
65.66503
49.72475
38.672283
37.884106
81.57178
92.694664
55.89648
53.24442
59.6605
83.58324
42.659668
40.948174
74.22732
64.327705
32.981113
54.57165
46.736614
40.3141
59.874176
104.119774
42.07408
53.742397
68.37955
44.2352
30.488623
32.96439
34.150867
36.21692
36.854256
33.633717
33.69323
36.40561
36.093662
35.556442
33.22279
31.110308
35.699512
33.61147
33.70304
32.478924
33.886185
35.668343
33.02747
33.19743
32.629906
35.674023
34.011448
36.843704
32.588787
32.048363
32.2349
33.545036
31.969542
34.83864
33.89089
33.59674
36.27127
35.304504
34.06601
32.642796
34.82043
32.56804
33.488846
35.48625
35.345665
32.988693
33.993267
34.623917
32.43983
35.908424
34.50896
34.50021
33.572865
34.38616
34.10773
33.547615
34.57402
33.823925
35.48689
35.244225
35.081333
35.59339
35.428047
35.8185
32.706417
32.96343
32.246037
33.142014
30.476646
37.319355
34.609795
33.109447
32.53557
33.03708
33.98388
33.913265
34.892624
34.52661
34.572037
35.2987
33.029854
32.593155
32.029373
34.04118
36.41438
33.069393
37.121166
32.2626
33.4003
33.625614
31.766829
33.47439
34.938686
34.22888
33.161358
36.758495
32.944798
34.697727
34.70425
31.354588
37.264324
36.53207
33.094833
32.230797
33.07321
35.0393
36.96587
35.09423
32.54617
33.022106
35.751072
35.34589
33.686752
35.279823
33.51827
34.73867
34.94472
33.035484
34.511078
35.554153
32.665905
36.177147
34.522503
31.406458
32.33914
34.64082
31.828331
33.707447
35.14867
31.590284
35.288105
33.001976
33.471977
36.03948
35.038242
83.58664
97.05703
48.357742
56.202045
47.58896
41.09868
44.985382
48.956596
38.797142
63.330475
42.169327
53.449707
36.628574
28.062742
48.969048
34.04083
76.5273
49.965565
98.41288
46.506283
45.54276
31.880896
33.1494
37.07988
44.19671
51.78314
103.801155
83.709404
49.421227
52.020916
45.19985
71.22059
39.70609
50.95212
41.08916
32.547504
27.753649
38.40412
93.849174
41.983864
87.6932
48.609074
45.58508
63.25489
38.7468
34.940174
43.68559
105.97326
45.274544
76.23131
67.71254
87.10724
66.813
51.150776
39.3264
38.865288
82.69877
91.41857
54.184555
55.149
61.277317
86.09115
41.269844
39.39204
78.12951
64.00328
32.19205
54.733772
47.144928
42.01468
61.74821
105.87278
44.466515
55.351727
72.09713
45.65678
31.86829
32.723606
35.21835
32.397167
34.499954
35.562035
32.310417
35.758793
35.587482
32.65202
32.654385
34.058434
33.28391
32.481483
33.43513
35.803707
33.22052
34.75932
34.440464
31.972433
32.428246
34.401867
33.18018
34.55557
34.390327
34.042934
34.06084
33.709827
34.831398
33.786182
36.28433
33.92978
34.401352
34.06875
33.939365
33.657997
32.782127
34.099796
36.888508
31.702261
36.38764
33.043255
33.006622
34.92247
32.894688
36.17913
34.049095
36.255688
33.757015
36.44933
34.689957
34.60733
32.636692
33.34504
34.215126
35.34066
31.420017
32.322613
32.13613
32.129288
35.41087
34.289772
33.893948
31.023432
33.075066
32.681488
38.433937
33.2541
34.627895
35.51855
33.87465
35.37976
33.64763
33.41561
34.18675
32.47909
37.917168
34.242043
34.770176
35.999817
33.28366
35.67584
35.082947
34.7517
32.701538
32.156395
36.53928
34.31312
36.074657
33.80762
34.864082
33.407272
35.380478
35.692562
34.80387
36.431774
34.392418
34.207504
34.466885
35.076103
33.85776
35.79279
35.7425
35.17268
32.038998
33.04658
30.922123
32.59129
32.863594
34.37756
31.548288
33.093754
35.13614
33.041637
33.52874
33.117603
35.94321
32.185116
34.383068
32.502075
34.678745
35.384583
33.694504
35.706154
33.733322
32.386158
33.374596
32.071514
36.921745
34.0316
31.851402
85.252365
96.713776
49.669872
57.908333
48.342342
39.27314
42.390926
49.325195
40.596355
65.13947
41.439583
53.92933
36.747993
28.409588
46.221565
32.373432
78.62299
50.654354
96.53151
45.596615
46.708336
30.860394
32.576214
36.42577
45.521275
51.99771
100.684875
81.08269
50.73719
53.60651
43.389668
71.51934
37.499786
51.202953
40.32598
33.26512
26.808989
35.18467
93.46923
40.962986
85.94589
50.90553
43.27276
64.22083
39.852036
33.427006
41.72767
104.94524
46.42095
76.848236
69.940544
84.27661
66.49723
48.3144
40.065453
39.288227
83.09257
93.29561
52.3258
55.596264
62.4261
82.89025
42.231163
39.52093
72.80588
63.424248
35.293026
54.446007
47.51132
42.2934
61.986103
106.78024
43.754807
56.38432
73.20306
42.9284
28.87047
33.407463
36.42001
32.821827
38.053703
33.846054
32.737083
31.2159
34.642246
38.070625
31.12749
34.423702
37.048992
34.38041
34.321564
33.012913
37.97737
35.45745
32.888424
33.46739
32.358063
33.96059
35.630722
34.85131
34.409576
34.580772
34.334335
34.789856
33.64315
33.666035
30.543444
31.864302
32.77726
33.534996
34.90296
33.777115
31.94455
32.59456
34.413654
34.940586
34.734367
33.708683
32.547523
32.9418
34.8246
34.429737
32.019783
37.27361
35.478966
32.817593
35.450714
33.5378
37.657066
33.26433
39.4166
30.869125
31.096912
33.587723
34.00607
35.338566
33.6894
33.17023
31.498579
32.538284
33.74405
33.019783
35.66277
37.462166
34.986237
32.888866
32.4892
32.28307
33.654247
31.842976
36.803577
30.046904
30.539364
33.717686
33.266735
33.245323
35.0035
32.987694
31.377165
32.934704
32.293835
35.45834
33.540157
33.485817
36.067493
32.008163
34.317127
33.291485
33.717228
36.178333
33.28609
33.613804
33.96283
31.983126
35.292896
33.359566
34.17056
33.99991
32.012005
34.203556
33.1348
38.734283
33.069454
34.313686
31.640322
36.11825
33.80256
30.54325
29.867321
35.510796
35.7983
33.74012
37.951233
35.882088
31.10566
35.91682
33.59745
33.869133
34.673813
34.166885
32.733418
32.838844
34.470627
31.45076
40.440304
35.86618
33.12797
82.7495
95.94632
47.3817
56.10249
48.32878
38.960102
42.669685
49.373013
39.507366
64.49032
41.485664
52.707207
36.474205
28.590897
47.776077
33.633137
76.82464
49.65598
96.2414
45.81992
44.709187
31.762579
32.34408
37.086372
44.325047
52.7822
102.65623
83.688965
50.59529
50.72597
44.233894
71.10807
38.68678
51.194366
40.506004
32.858505
27.18386
34.13066
94.94516
40.001263
87.609955
47.557903
41.165302
64.22745
39.89187
33.590244
42.646065
105.45141
44.975597
75.11133
68.88285
85.92649
67.6349
50.86194
38.741596
38.27076
82.085304
91.22656
54.211926
56.531635
60.251453
85.22536
42.04763
39.924847
75.84977
64.2485
32.184383
53.54554
47.06174
42.410873
60.566734
105.942314
44.6483
55.092995
71.89035
45.239326
31.26853
34.024178
36.181015
37.470413
32.520416
32.40889
35.222878
32.763027
34.46276
32.133907
32.98412
32.288437
32.750378
36.1995
34.865246
33.113445
30.615526
34.090034
34.531525
33.443935
35.283432
36.491123
31.674864
33.220287
35.05876
34.940582
33.720722
35.39302
31.757277
33.17764
33.634552
33.818153
34.11029
33.761803
32.845985
33.906765
34.509304
34.934155
34.1617
34.60247
33.543465
33.281796
35.607494
33.7935
36.366756
35.235004
32.00471
33.801487
33.09034
31.512413
33.35554
35.902306
31.81629
35.65944
34.50902
34.395046
34.727333
35.11718
33.633865
34.586002
32.14483
33.60433
34.65216
34.64909
36.686077
34.895798
34.0939
32.348778
35.252514
31.862255
31.979795
36.76183
35.109497
37.039787
33.387672
32.328686
32.323288
33.84219
34.08078
33.21508
34.84755
38.533447
35.646088
33.65093
36.400726
33.074867
33.389496
32.558376
34.62384
34.654274
33.87752
34.825172
35.61572
33.529766
30.914232
33.131607
35.54011
33.585377
32.88876
36.630257
33.84362
30.520863
34.3126
31.832561
32.375694
34.173096
32.74707
33.609108
32.386883
33.702988
34.27516
34.238663
33.899036
31.503052
33.05034
36.765026
32.21043
33.239567
35.912243
31.463257
34.184162
37.058613
32.646717
36.06878
34.357773
35.94523
35.641823
32.68295
32.444626
36.09372
35.016037
82.4885
97.09909
48.57137
56.559025
49.362827
39.052036
42.48099
47.20387
38.047558
66.28331
41.839676
55.16831
36.69266
28.728708
48.279808
31.356195
76.785225
49.8541
96.58059
46.043118
44.179653
30.626617
32.479877
36.21771
43.109184
50.92477
103.44843
85.35564
50.45838
49.47839
43.118576
71.211784
41.487957
49.034122
39.20389
31.760557
27.268852
34.720623
94.17798
37.916992
85.44962
49.070423
37.989895
61.603355
39.016975
34.502445
42.879868
102.8894
45.083775
75.77882
68.0924
84.73134
66.46439
49.320995
39.947567
37.20414
81.09213
89.611725
54.091637
55.960926
59.72114
84.58718
43.19361
41.87197
73.00723
64.14584
32.441837
53.61966
48.80556
41.833694
59.34027
105.38984
43.33741
54.40117
71.54363
43.258873
29.312553
32.96379
35.3984
33.838757
35.43816
34.119858
36.53856
32.251472
32.65672
34.909687
34.452717
34.739902
38.524616
33.872913
31.282593
35.425545
32.831833
33.693935
33.187355
34.10024
35.164818
34.798935
33.853176
35.296295
33.95993
33.140114
35.582577
33.239307
34.327606
35.05458
33.524685
33.349155
36.58359
35.109
35.1957
36.30189
33.7682
34.625854
32.212303
33.932316
33.350384
32.877605
37.59896
31.318857
33.417747
31.040379
33.149815
31.972801
35.060387
33.65654
32.115772
30.995611
34.73121
33.924843
32.34723
31.143412
34.55183
31.29943
33.276325
35.190956
33.254677
35.854538
31.544233
36.455643
34.026417
33.303623
32.107277
32.958775
33.46073
33.169846
34.409885
32.32302
32.172424
31.584799
31.861032
36.056667
33.0815
34.84683
33.866985
34.41798
32.064728
32.882977
32.033512
31.362429
32.009792
32.687695
34.073174
34.61189
35.120895
32.564632
33.925285
33.08037
34.058685
34.358418
34.967697
35.761555
31.486965
35.304268
33.766663
33.40541
35.41601
32.653137
35.144188
31.559341
32.5475
33.980057
33.180588
31.985548
32.880116
34.171738
34.444386
33.30359
35.272434
33.54591
31.75564
34.24347
29.470507
35.884617
30.677372
35.76068
33.95311
35.096336
31.172
32.493317
33.94245
34.78707
32.725357
34.75935
34.495003
36.51188
33.30448
83.94819
98.34504
48.81272
56.696022
48.128506
39.016304
43.01931
49.09355
40.445602
64.07026
42.103294
55.936802
36.206066
28.643044
47.908436
31.731005
78.419495
49.740444
96.66859
45.546215
47.338657
31.034985
32.574783
35.984116
44.491714
52.465885
103.19704
83.54376
51.40875
53.189453
42.97518
72.19484
38.555893
48.831997
40.10482
33.164837
27.72462
35.374744
94.718285
39.99909
86.87196
49.677254
39.46383
64.0621
41.487957
34.330734
42.236485
106.48115
45.862534
75.75375
68.89644
85.46223
67.8132
48.530495
40.982254
39.311607
83.9106
92.28093
55.36025
56.17921
62.69964
82.03185
41.718906
40.709587
72.07249
63.519394
33.96423
54.736794
47.42366
42.743145
62.269615
108.18069
45.75525
55.92423
73.76192
42.7764
28.223665
34.533188
32.726547
32.758286
36.409958
31.370348
33.432938
35.379967
34.43304
34.11946
34.945896
32.71345
32.843407
34.142376
34.1624
34.670635
31.683529
33.748016
33.937073
37.33878
33.169445
32.77861
34.084675
36.387897
32.09091
33.933163
32.482452
32.433956
33.598473
30.572771
32.615227
34.834724
33.14227
32.550064
33.95415
32.49631
34.244118
34.725796
36.988243
33.15649
33.84099
36.387676
35.408344
34.51219
32.646046
33.46478
30.774057
34.067787
34.085697
31.721542
33.26377
32.94274
33.324356
33.55669
32.58519
33.188175
36.744377
33.214863
37.16243
32.776905
32.44618
32.253223
31.601357
33.48053
32.86439
33.296967
32.046608
32.64833
32.503727
32.411877
32.367455
33.27437
33.05862
34.485638
31.984743
31.390789
34.021988
31.173344
33.309074
32.098034
32.20675
32.743103
34.1154
33.213165
34.51499
33.895214
32.49955
35.89575
35.001793
34.620453
33.102005
31.735428
35.452686
36.392677
33.963078
32.281002
34.235725
32.844902
31.772982
33.72092
33.72817
35.869328
31.316462
32.117474
35.301727
33.928185
35.196987
35.88024
35.028683
32.90541
33.8378
34.52369
37.96046
33.693203
33.452652
33.83569
32.982246
33.402287
32.54355
34.4611
33.11319
34.478176
35.450527
35.36194
32.596004
33.7817
37.42168
35.86526
31.612865
33.627876
34.946033
82.6083
96.16535
48.932663
56.307003
47.257023
39.595055
43.096466
48.242188
39.19235
64.38831
41.99356
54.419456
36.991734
28.515503
48.018284
32.6771
77.22288
50.252052
97.54489
45.899082
45.32105
31.42315
32.77813
36.10152
44.48548
51.894176
103.42109
84.831024
51.115143
52.139194
43.06907
70.83119
38.756172
50.480957
39.76661
32.186115
27.86455
35.94415
93.52768
40.30161
87.2587
49.68004
42.642014
62.594303
39.714165
34.456337
42.488804
104.158226
45.37689
75.86111
68.06752
85.77952
67.5322
49.85963
39.07984
38.312813
81.787796
91.01916
54.127476
55.3263
61.0
83.46748
42.26916
40.945366
74.1837
63.39573
33.13431
54.384842
47.04166
41.97218
60.442825
105.85068
43.871456
55.217495
71.55473
44.54467
30.007347
31.777098
34.215885
32.832443
35.32874
33.4888
35.21273
33.21071
31.686789
35.69723
37.841892
33.961452
31.850918
34.664528
34.382374
35.776253
32.78684
30.492731
32.551353
29.504194
35.43936
33.27166
31.592838
35.20676
34.908737
32.8582
31.609247
34.400883
33.707447
30.961369
31.341078
33.89359
32.78644
31.588524
34.02609
31.43453
37.113014
31.231674
33.449036
33.13241
31.757076
32.954487
33.10854
34.986248
32.250023
33.49637
35.62822
32.67412
30.799337
32.79105
32.911003
34.091232
33.360336
32.83
33.247307
31.86588
31.981592
30.681103
32.23195
35.336163
34.28988
32.80947
33.251507
32.73103
31.866667
34.25352
31.68808
33.388523
32.594498
34.332558
31.227785
33.81497
34.08677
33.854218
36.0887
34.42601
31.68526
32.296135
35.342697
36.02799
34.82601
32.550316
32.739735
34.003693
33.980904
33.573563
33.37392
36.024208
33.74385
33.782463
36.596954
32.701977
33.500656
34.09103
35.073765
31.974949
34.700306
30.433022
33.658848
33.118553
36.465473
35.925472
34.61246
32.60005
34.10564
34.860695
35.722908
33.358967
38.62414
34.397472
35.204895
33.523212
32.921074
33.19341
30.804201
34.742268
31.167635
34.722805
32.19446
32.801823
32.721252
33.142784
33.415867
33.663982
34.869255
32.199604
36.49154
32.78897
33.176704
34.638172
34.62919
82.98135
97.30615
49.29897
57.232754
47.738083
39.402817
43.367374
48.993454
39.231735
64.84368
41.73805
54.22146
37.34652
28.534029
47.745693
32.416748
78.72035
50.197918
96.98287
45.69653
44.948593
31.592234
33.029728
36.326504
45.60034
53.150566
103.84945
84.3411
51.685745
54.644764
42.75147
70.339264
38.22082
51.249313
40.406734
33.343357
27.782152
35.976036
91.49315
40.862675
87.50723
50.42369
43.210823
63.36705
39.68456
33.686646
42.62737
103.745155
45.684902
75.91834
69.49816
85.6236
67.723305
49.744198
39.09878
38.298252
82.58681
91.98305
53.986084
56.232166
61.332783
83.976654
43.101116
41.200195
73.98664
63.651073
34.028267
53.861923
48.038036
42.354294
60.57544
105.90683
44.491974
55.92678
72.64174
43.555313
29.701574
32.23019
32.729866
33.65499
35.775658
34.193985
33.221565
38.275345
33.119755
33.646763
33.376537
33.69175
34.091335
32.000275
34.57864
33.409325
33.596493
33.557648
32.594997
33.486305
32.985
33.76021
33.370453
32.787228
32.46075
31.460749
32.50899
31.819588
33.231937
31.474089
32.51587
33.49468
34.49531
33.898758
33.485203
30.908474
36.55273
31.956463
32.06313
34.086483
30.944778
34.144672
34.48584
35.334797
32.513077
33.70863
34.82544
35.05672
35.569942
31.213972
30.880756
32.97855
32.660492
31.7762
30.735874
33.624714
33.61859
32.121185
32.190952
35.973232
30.854603
36.160194
32.683456
34.807014
33.11483
33.231007
32.73012
34.828144
33.0808
32.59117
32.458363
31.406088
32.704563
36.4083
31.219728
37.68516
31.801216
31.934576
32.76792
33.47579
36.84617
33.93161
34.11302
33.231155
35.237972
31.07779
35.863647
33.42294
32.65523
34.95064
36.975998
32.475708
33.099777
33.011154
32.33391
37.443424
33.42073
34.559086
35.018627
35.41116
34.817753
34.155846
33.976128
32.4861
35.186295
31.238953
31.874668
34.762875
32.960423
32.84221
31.853506
36.7576
33.712234
32.34742
33.31707
34.275486
31.441208
34.072083
35.220356
35.342808
31.357431
31.812536
33.704
33.62581
34.01933
33.2396
34.54036
36.397865
32.749016
34.602417
32.283333
83.42834
98.354935
47.81774
57.925156
48.472134
41.529835
44.26974
48.332405
38.98484
64.790634
42.824837
55.319443
37.02528
28.54698
47.52076
31.676195
79.13234
49.75879
97.03655
46.420727
44.52515
31.185112
33.68111
36.036602
44.64181
51.64221
102.64677
83.82693
51.402134
52.5193
42.028122
70.05736
39.164967
48.920807
40.1407
33.223957
28.513466
36.6632
93.26087
39.783936
86.354385
49.996128
41.251442
61.96692
39.656845
34.801903
42.877865
103.1089
46.110905
76.16133
69.650505
85.86435
67.6678
50.03574
38.85844
38.7116
81.899895
92.377045
53.71989
55.202
61.583374
84.77099
42.96645
42.01318
74.95771
63.351227
33.154366
54.17633
47.862484
42.750687
60.50355
105.81012
43.53503
56.01405
72.787865
44.007473
29.756308
32.80195
33.978554
33.451992
33.29673
31.340286
35.343906
34.090916
33.77719
34.073772
31.70203
32.521496
32.153072
32.673492
35.368282
32.74019
32.775757
32.888084
31.347765
33.311253
33.55143
32.271706
31.477072
32.81357
33.10064
35.45926
33.844784
34.577488
35.51182
34.38093
33.551395
33.16891
30.416054
34.542244
32.003075
34.65122
34.752293
31.760733
34.50512
34.7339
30.720484
34.942696
36.05035
31.10893
32.70434
32.802353
34.29974
32.069138
32.28834
33.747852
37.908348
32.918236
34.516846
31.752045
37.101624
31.609287
35.31946
31.350822
34.83702
35.09174
33.417988
30.873133
31.608778
35.363632
32.91201
32.218697
33.747883
32.802425
32.162083
31.562742
34.80531
32.67191
32.943592
34.95793
34.471416
32.99063
35.542778
33.373913
32.641514
33.906452
32.14636
35.36321
33.4475
31.47203
33.532894
31.715368
31.133947
34.699257
32.745296
32.904625
34.91828
31.675465
32.786903
33.511726
32.47271
33.188705
34.79921
31.5914
34.387012
31.902622
30.978544
34.499485
32.888985
31.12776
31.716442
33.319477
34.49925
35.79196
34.229748
34.49717
31.918362
35.3725
33.294163
31.839535
31.456003
30.847197
32.853218
30.123846
33.333645
35.12928
33.04009
36.94826
37.807354
31.29091
34.372757
37.553146
35.88293
33.543518
31.629602
32.82298
35.171257
83.29039
98.156845
48.90703
57.835693
48.83752
40.322285
43.25858
48.69504
39.578556
63.790913
42.09388
54.602783
36.887417
28.727482
47.50455
31.918371
78.98711
50.129616
97.46463
45.665966
45.136196
31.557234
32.96009
36.055943
44.973026
51.446712
103.949684
84.029305
51.07837
52.708893
42.19289
70.92546
38.911392
49.155415
40.830917
33.157375
27.738941
36.504646
92.28532
40.909397
86.606384
50.582577
43.42973
63.85095
40.05293
34.338875
42.066803
103.9656
45.82461
75.514
68.9966
85.548096
67.43506
49.280846
39.507847
39.172363
82.40443
92.829956
52.952
55.349907
61.538773
84.400894
42.649124
41.338924
74.49037
64.36645
33.97559
53.320667
47.183937
42.33929
60.542877
105.859634
43.649223
56.297516
72.88691
43.013035
29.068958
33.697517
32.255424
35.717216
34.141712
33.538113
32.190937
34.41931
35.743763
33.313572
36.325874
33.922466
32.598362
30.195978
30.361353
33.809277
32.0545
33.988895
34.380188
30.682673
31.713581
34.59039
32.448513
33.626095
33.31646
36.286823
33.110798
31.326756
34.013535
34.537357
34.079514
32.8092
36.78472
35.898598
35.297466
31.322342
35.262897
33.246235
30.763683
30.810781
31.470507
35.59727
32.44973
33.47708
32.09699
31.609198
33.587482
36.13273
32.15401
32.19383
32.5335
31.079033
36.013714
33.98263
35.325993
35.92458
36.932693
34.75289
31.523954
33.170525
37.4341
33.633045
30.989185
34.450634
32.181538
34.86499
38.21393
33.209087
33.724945
31.24112
32.43761
34.110985
32.976467
32.17161
31.652138
32.47879
34.914295
32.56557
33.10212
34.797752
32.633366
32.226852
31.425125
34.113483
32.948647
35.85482
35.462738
32.670662
30.552473
33.30826
31.636026
35.26748
33.259674
36.633392
33.740543
32.923008
31.10982
33.25039
31.98248
35.659153
33.2121
33.628437
32.329063
30.408411
34.24896
35.702957
32.770397
36.172733
31.811459
32.37294
31.309917
34.12291
31.235153
33.53855
35.779633
33.46495
35.45585
34.87076
34.584637
31.342167
32.25048
33.77654
32.56123
33.284847
33.310593
32.39048
35.17726
32.857742
36.495163
31.386158
30.964455
84.4896
98.456
47.92359
56.844128
47.936687
41.4504
44.34404
49.478714
40.062565
64.15543
43.157906
55.934933
36.70644
28.82941
47.033787
33.177853
78.59432
49.38735
97.9288
46.760654
46.152245
31.273932
33.472755
36.621304
45.42376
53.705055
102.43534
83.008224
51.79057
55.81953
42.75852
69.75137
37.720284
50.93609
40.19988
34.637173
28.464848
36.760727
92.68337
41.124584
87.26015
49.788548
42.949013
62.374622
40.444897
34.997982
43.209156
106.23674
46.209995
76.421814
69.542145
86.54115
68.530815
50.96976
39.12303
39.19081
83.29446
92.75535
54.00969
55.180275
63.118397
85.14931
43.2173
41.816254
74.800804
63.213066
34.05506
55.317646
48.299812
42.964054
61.488514
106.76809
44.57934
55.79155
72.267204
44.47866
29.986496
33.222702
32.05599
31.2252
33.69171
32.472363
37.56877
34.96325
33.1841
32.337124
34.52831
31.4327
32.782757
32.700726
32.693058
30.069706
33.471977
33.606514
34.87176
31.223408
32.67983
34.06685
35.321484
32.80485
33.7811
31.074635
34.38486
32.717297
33.178123
36.57258
33.029305
33.872807
30.216528
32.40094
33.579094
34.129604
30.328848
30.387613
35.315296
32.201157
33.582645
35.675785
35.36037
33.030422
34.10034
31.854769
33.247135
33.71671
31.338747
31.89247
30.920639
33.58595
31.836216
33.66613
33.654507
35.677944
33.69579
32.472195
34.70095
33.929775
31.569218
33.82151
32.085297
34.908615
32.091175
35.187534
31.540634
33.409206
32.49569
33.497303
33.927624
31.801088
33.306107
33.48787
31.13144
35.3489
35.440678
34.911377
35.24996
32.57046
31.523642
34.394722
32.326336
36.91294
33.291946
34.26249
34.045616
33.89023
34.782192
33.077477
34.23423
34.854843
33.25698
34.387405
31.02303
32.39317
35.278065
33.096107
35.038616
32.77252
32.06557
31.611849
34.618275
33.111732
31.544762
32.972908
33.52025
31.487597
31.275688
33.992767
33.01641
31.921322
33.55108
34.42262
31.582333
35.546585
31.958334
34.210194
34.991215
32.083347
31.865282
32.36624
35.92224
35.598835
32.09321
32.463818
34.137928
34.26555
31.07036
32.524757
33.854324
83.46271
97.47831
49.278885
56.71888
48.32019
40.764847
43.697018
49.818676
39.841057
65.04124
42.720566
54.51345
36.833763
28.698475
48.635498
33.34709
77.95691
49.910168
99.32166
46.445152
45.961018
31.979734
33.689236
36.714664
45.914757
53.58498
103.67837
83.86895
51.29747
54.459602
43.14692
70.654
38.043056
51.98122
40.53402
32.69971
28.042358
36.179485
93.33017
41.69976
87.48358
50.904774
44.487362
63.301968
40.319763
34.5709
43.218903
105.306435
45.651806
76.0726
70.17243
86.64113
68.194374
50.454433
38.99787
39.213543
83.25395
92.24612
54.604813
54.782394
62.28622
85.70108
44.080124
41.23237
74.98178
64.809105
34.562584
54.634064
48.376842
42.542267
60.75221
105.86913
44.311848
55.941105
72.082565
44.445004
29.957796
35.595177
33.95878
34.744408
34.534077
34.265324
33.2157
35.34465
35.109207
32.730568
35.28357
34.489456
35.47156
31.923254
33.279476
34.126568
31.356684
32.431183
33.082962
32.835785
31.081978
34.08681
34.77474
34.490726
31.937359
35.7579
34.900368
30.52392
31.106848
34.881165
33.95685
35.512196
32.641907
36.71683
34.01072
34.662064
33.61225
32.02094
32.09515
31.87738
30.70106
31.682135
31.334335
30.766708
32.96601
34.541824
33.333923
31.559216
31.667088
34.048332
33.620476
30.836168
32.549557
31.974606
31.604296
34.2673
30.978146
32.80321
32.05645
32.06713
31.686089
33.25456
33.11473
34.248222
32.145187
32.353146
34.217007
32.066296
37.54538
35.39397
30.666874
33.11199
32.73846
35.580585
35.615707
34.72338
34.480343
32.912983
32.83539
36.92156
35.743095
35.81499
33.352005
32.14192
34.360306
34.951588
36.93413
33.388943
34.231945
34.593853
32.729176
32.69422
32.928505
31.526821
33.599052
35.153015
31.34827
33.52584
33.56545
34.090584
33.25765
35.002995
34.15556
34.693657
31.914103
32.388863
33.61908
31.535961
33.332092
34.71696
35.40068
34.456654
34.59441
36.914333
32.058872
34.946762
33.329617
35.20066
32.684364
36.579277
32.641975
33.71165
35.229233
31.335167
32.46602
34.308945
32.74829
30.48667
35.023293
31.066603
30.662857
84.714096
99.595116
48.333298
57.766556
49.26501
39.93461
45.17551
49.81959
40.761116
65.092415
42.577106
55.409077
36.473457
28.697075
47.01479
32.389236
79.00849
49.04996
97.73231
46.460728
46.537464
30.631884
33.492958
37.296516
44.560932
53.462337
100.24782
82.041885
52.2723
53.234165
42.586845
70.05246
39.10367
50.10322
40.943
34.32242
27.443869
35.890152
92.71459
40.447052
86.5743
49.282623
40.426704
64.59374
40.839806
33.311657
42.888767
105.76865
45.992638
76.18006
70.14486
84.27716
68.383224
50.202515
41.220734
39.1984
83.73008
92.994896
51.589474
57.22171
62.53288
84.60666
43.27258
42.023262
73.18128
63.023045
34.7379
53.69592
48.06081
43.728558
61.606888
108.177734
44.81929
56.174683
72.93355
42.66547
29.551407
33.270313
35.724728
35.07867
31.284704
30.823822
33.424767
34.406574
32.41854
32.83817
33.010273
35.655094
37.34373
33.57223
34.47764
33.74039
33.56918
31.594976
31.651474
32.46997
32.74151
35.479744
34.60259
33.710163
33.216396
32.060863
31.362265
33.965775
32.474453
32.39465
32.440945
33.065105
32.445026
34.649044
33.928093
32.360287
29.796509
32.58618
32.51166
33.634228
35.826855
32.499157
31.644964
35.341038
31.79492
33.889694
32.785564
33.262604
34.20071
34.062977
33.368095
35.74722
31.232908
34.57326
32.599796
31.816334
33.762596
33.9618
33.275463
30.430231
33.79907
30.322943
32.899128
32.60465
35.815353
35.00636
32.061924
32.990627
32.71284
33.54387
33.29812
31.995998
33.88738
31.032024
33.39565
32.359814
31.728277
32.885124
32.269794
34.06947
33.909676
31.946562
34.1985
34.276707
33.31331
34.500896
35.671192
33.798176
34.315975
33.816765
33.014008
33.080364
31.776188
32.683067
34.380142
31.98408
33.721878
33.762745
32.85185
31.187124
32.017597
32.225903
33.391075
34.990715
32.520077
33.478283
30.499603
32.460487
33.199562
32.5005
34.077686
33.037323
32.58869
34.707527
31.356157
36.032276
32.918797
32.351006
34.21253
34.226604
32.935047
34.45556
34.30671
33.219418
33.40003
35.452168
34.042915
32.135113
32.22175
34.289867
33.682037
83.064804
98.37098
49.2895
56.963142
48.37696
39.61393
44.0067
49.965984
40.583958
64.93131
42.33251
54.49498
36.613583
28.734919
48.533764
32.44992
78.22139
49.88945
97.79672
45.8257
46.033394
31.431107
33.328083
36.8627
44.984497
53.133476
102.69746
83.81386
51.801746
53.80891
42.84823
70.32783
39.26244
50.329098
40.672886
32.34349
27.467978
35.94679
93.69632
40.960938
87.29357
50.132744
43.688675
65.00844
40.791946
34.345066
42.639256
105.66832
46.157505
75.26108
69.332344
86.75888
68.16553
49.770973
40.23454
39.524837
83.34408
91.77234
53.391613
55.978317
61.309967
84.43159
42.92892
40.857548
74.74283
63.929386
34.029804
53.74121
47.425568
42.972275
61.386913
106.64365
44.93899
55.555138
71.966064
43.928143
29.551586
33.615227
32.38402
32.842648
31.866089
34.341576
35.93602
32.761406
32.45863
32.281765
31.507124
33.775192
33.353806
32.947346
32.5134
32.261787
32.724487
35.488487
31.951895
32.01122
31.534887
32.276306
33.274136
32.700214
33.71621
34.692734
30.30247
33.020966
35.77637
33.613453
35.30838
33.59416
32.859756
30.910255
33.518906
33.451965
31.798489
32.95112
33.799667
33.679596
31.911377
32.515797
34.23223
31.340935
32.47527
33.43478
35.55808
34.26397
34.061604
35.49987
32.124146
34.27533
36.190464
34.614353
32.993984
32.141216
30.19867
37.108913
35.62429
32.89044
35.48817
31.487427
34.43595
33.257153
32.792988
32.6416
32.455574
33.41194
33.929432
30.488014
35.18417
33.427956
36.547512
31.20069
31.36729
32.382923
35.436405
31.717642
32.14311
33.34401
32.229637
32.68958
34.795925
33.542107
31.109032
33.10123
33.984127
34.472866
33.093807
33.744236
32.435154
33.65198
33.412918
31.434555
31.243088
34.297066
33.84077
33.025486
34.024532
29.487415
34.04696
29.86838
32.39955
35.645943
32.56871
33.971516
33.34052
32.510326
31.322449
33.64779
33.422512
33.037865
39.55667
35.442455
33.13298
32.576405
33.073498
32.557465
33.73984
35.93602
36.200706
34.440804
34.27419
30.72531
33.53217
34.488712
31.810371
32.192577
33.466965
32.836334
36.545685
84.63949
100.229355
48.453655
57.9784
49.149147
41.300133
45.204517
50.48627
40.51678
65.59434
42.784214
55.601395
36.815586
28.934465
47.056297
32.78005
79.97409
49.83853
99.849365
47.190933
46.09691
30.736315
34.159412
36.858837
46.50804
54.834496
101.79074
82.82722
52.934227
56.497814
42.725975
70.2357
38.47598
51.877537
41.49874
34.876743
28.0112
36.39631
92.45459
41.46574
87.594406
51.112003
42.79827
64.396835
40.819225
34.47155
43.328465
104.986305
46.752834
76.48503
70.21699
85.8141
68.69536
50.69441
39.988384
39.742023
83.765015
92.8271
52.99985
56.941128
63.020473
84.66564
45.056667
41.613873
73.97079
63.379936
36.057076
54.10382
48.817093
44.244316
61.6134
107.879166
45.200424
57.064285
74.365105
43.117783
29.867535
35.16621
36.189983
35.54048
36.98791
35.114758
36.13612
40.120716
35.9528
34.626637
36.190166
40.074406
34.962795
41.145
33.390293
39.47726
35.354935
36.214996
37.488438
37.30863
36.38435
36.23181
37.921864
34.872932
36.86419
38.820026
35.436703
35.97892
35.943546
37.64015
35.587273
36.244156
36.159164
34.764793
37.11439
37.35723
37.28577
37.158592
36.191353
35.60309
37.06672
34.86962
35.527393
40.58774
36.481518
36.650127
35.321945
35.240765
33.416252
37.970345
34.399147
35.687767
36.66588
35.40998
37.913975
40.327843
37.06372
34.37516
36.32159
36.639027
36.735268
34.471622
35.763794
34.418648
36.505123
38.40474
36.154377
35.758396
36.327522
34.553272
35.62914
36.113266
38.343193
35.910995
37.109882
36.021564
36.00138
35.49458
33.62345
37.015316
37.059193
35.05879
38.984154
32.916397
36.363506
35.543385
36.83897
33.65618
39.3781
38.82543
37.820244
36.924862
37.25025
35.203884
36.82867
39.991116
38.099224
34.872654
38.986416
36.820053
38.690857
36.85949
35.43976
37.38707
37.377457
36.471317
34.66669
37.08728
35.112446
37.896362
36.511944
38.198956
37.361416
36.520844
35.25914
36.356636
35.668888
37.05729
38.204567
34.721107
36.309677
36.57229
35.232967
37.29574
38.80865
35.585403
34.27733
34.345303
33.92339
37.309147
34.08462
80.045525
87.669205
46.92441
55.456097
46.526867
33.40787
37.786297
44.147713
38.086926
60.31285
41.095177
53.271263
36.939278
27.114334
49.270214
33.436344
74.795074
49.36816
94.171364
43.025875
43.8034
32.83787
32.56194
35.986046
42.10945
41.510952
104.80455
85.56921
47.632977
44.11781
47.94597
73.98046
44.11694
50.62313
38.01803
28.594915
26.211918
29.451715
92.55166
40.18905
85.590355
45.921764
38.916965
60.330467
35.672016
30.687914
41.525116
102.0352
44.514202
74.587555
64.1832
81.382195
63.69757
50.00726
39.650597
34.51804
80.350044
90.49479
50.720135
51.64324
56.489548
83.3238
37.838943
38.30327
74.21386
64.185425
29.03039
54.166004
44.82751
37.06473
57.296665
101.037224
41.553818
55.9624
64.89752
46.71866
32.546898
37.513107
32.495735
34.941444
32.460754
38.390587
37.38517
37.46238
38.575996
36.62677
35.36832
37.762917
36.664684
38.6535
33.84283
35.15144
36.553146
34.742493
34.33759
36.58067
36.796436
34.397064
34.954784
37.601727
34.061096
36.1659
36.052242
34.750786
36.276073
38.496548
34.761604
36.207287
36.111423
40.28744
34.06961
34.514908
36.510433
40.28899
36.283726
36.980625
34.68052
39.00176
37.003643
35.59739
39.2639
40.433407
35.780865
36.837387
36.15652
39.986694
35.845985
38.450222
36.580437
33.429695
35.079544
34.818153
36.474728
39.25871
36.013958
33.093765
37.895264
36.753395
37.388485
37.093945
36.639076
39.41524
38.317932
37.830933
36.92505
36.88466
37.71118
34.34918
39.817345
36.058556
34.31602
35.676193
37.145725
38.571655
36.830482
33.70637
36.587154
33.62756
37.78612
36.00051
38.019623
37.27569
36.05056
34.224495
36.680115
33.129475
36.834995
35.65846
37.206768
33.952297
34.01527
38.120987
36.62875
36.94574
37.804394
38.321995
34.615173
36.281647
36.552486
35.939697
41.340034
40.86285
36.58229
37.8392
36.24139
34.528267
35.957607
37.675285
34.921677
35.28504
35.479248
38.869858
35.81557
36.804955
38.523846
34.363815
36.00455
37.960403
34.803185
35.734173
43.94994
36.941162
37.343327
36.360996
37.671932
37.1657
40.998894
80.8155
88.81794
46.496895
56.208263
46.478016
32.6763
37.78188
45.02382
38.881443
60.878593
40.300747
54.954388
36.612625
26.7491
47.126877
32.770706
76.20983
49.334263
93.63692
42.41656
44.58831
31.471617
31.865667
35.73261
42.292236
41.670715
102.41238
83.08772
47.14359
45.343334
47.24902
73.708145
42.331707
49.68871
38.313976
29.93796
25.213146
29.17749
91.762474
39.300446
84.92924
46.747334
38.980328
62.566093
36.44866
30.05685
41.104893
102.70243
45.156948
74.97602
64.75581
79.93342
63.69307
48.432632
40.46417
35.648434
81.83654
91.945
49.628094
52.01451
57.282646
80.22734
37.956516
36.722557
71.13405
62.631523
28.729498
52.839485
44.534374
37.31422
58.320633
102.84251
41.640312
56.357674
66.226776
43.684273
29.927505
35.876766
39.10953
35.67101
35.689056
39.1206
36.10792
34.632114
36.290005
38.896763
38.74667
39.39981
38.23269
37.263138
35.41544
38.850338
32.96486
36.15636
35.857464
35.39118
36.245964
34.808342
34.12681
36.672047
36.562374
36.151005
34.402107
34.39013
38.180866
36.432316
36.467712
34.437855
35.08788
37.0555
35.43477
35.513844
37.617542
34.77299
36.833103
35.121384
37.696526
35.61756
37.374615
35.097054
36.41134
37.11223
36.447456
34.668846
38.87553
37.534386
33.290974
35.67348
37.60428
34.70081
31.269684
36.39693
36.06017
37.715256
39.683212
34.812035
33.885395
34.516125
37.97024
40.024464
36.97096
33.76606
36.071503
36.434795
34.155334
35.307957
37.109272
37.302635
34.0777
34.009136
35.35259
34.792187
35.15643
34.003002
35.65808
34.85585
37.099472
35.816525
37.661594
37.81002
37.003735
36.71183
36.723362
38.94465
36.81839
34.59676
35.65239
36.78863
39.314556
38.05559
34.983826
36.01689
35.860565
37.16563
35.917095
33.81878
35.963737
37.535088
36.498383
35.46118
38.05517
37.74489
36.845844
37.128513
39.19099
35.03596
35.894554
35.352623
35.192852
35.598087
36.036602
38.151463
37.512444
36.467663
39.882217
35.045395
36.062202
35.975872
34.263596
34.361332
37.354866
37.72637
35.552643
36.742172
36.50286
34.51428
37.11355
80.68727
88.83415
46.733303
55.83722
46.80234
32.748566
37.995476
44.88019
38.69962
60.647823
40.583183
54.76411
36.295498
26.802052
47.905457
32.146683
75.94255
49.097557
93.26743
42.796913
45.17431
31.286848
31.78869
35.834995
42.273273
41.926254
102.36831
83.163704
47.550167
44.809044
47.83071
74.120056
42.84355
50.23141
38.235172
29.101984
24.929653
28.874128
91.59958
39.173893
84.78971
46.64706
37.784534
62.46874
36.274044
29.749367
41.25318
103.86459
45.28403
74.83556
64.90612
79.55519
63.828125
49.45352
41.00915
35.81861
82.67944
91.983894
49.07537
52.05848
58.081963
81.502495
37.757786
36.63323
71.63466
62.779526
29.143126
52.83868
44.506344
37.364216
58.469414
102.92682
41.85345
55.9255
66.06198
43.559074
30.49305
34.5808
34.742004
36.1778
37.35895
38.614944
34.549015
34.22579
37.882267
35.99153
35.709835
35.040264
35.379635
35.99411
32.35817
36.188293
37.673046
36.852303
34.0217
36.439133
37.477005
35.91684
37.34025
38.128925
34.57387
34.931625
34.654778
35.292133
38.275284
38.59498
36.157555
36.625156
35.67928
37.421627
33.821106
37.0234
37.425217
35.875637
35.37059
37.548985
33.38184
38.30057
38.31161
37.503483
37.995537
36.783283
36.542126
37.993412
35.80128
35.476673
41.47348
35.788532
36.126892
38.57394
38.966312
37.59992
34.96906
37.585815
36.499943
32.592285
35.645363
39.1925
35.57368
35.67893
35.448204
36.448303
35.288136
41.858383
37.865448
35.1771
36.870422
36.666523
35.60935
37.174435
39.014454
37.58655
35.697987
36.043453
34.530407
34.152786
38.75356
36.306564
36.618633
34.208847
40.5941
34.58009
36.57664
40.2078
36.560844
36.58165
36.979263
37.123795
35.11587
36.308216
36.26129
34.22586
35.82871
38.05413
32.14941
35.628723
37.603207
35.178757
35.330933
36.8518
37.38866
35.791466
36.745476
40.10677
37.243313
37.124218
33.577065
34.82945
35.611073
35.850773
35.36164
38.37994
36.496197
35.78502
35.778732
34.87078
37.40588
35.222557
35.07471
38.607014
35.752026
34.963226
37.164993
37.49797
36.405113
36.825974
36.18483
80.17416
88.541275
46.997967
55.916306
46.766953
32.257317
37.71584
44.69055
38.902653
60.298313
40.040176
55.197243
36.209503
27.07323
48.385475
31.94423
76.01308
49.041725
92.307
42.50414
45.076366
31.340141
31.464344
35.52379
41.49918
41.840927
102.77609
83.832245
48.148537
43.34289
47.650707
74.03839
43.681347
48.821922
38.482918
28.561216
24.757772
28.724504
91.87783
38.298485
85.00299
46.630833
38.100277
63.663094
36.619884
29.938337
40.495296
104.22789
45.0725
74.608246
64.74984
79.54925
63.998665
49.113888
41.309746
36.093197
82.5891
91.356804
49.05816
52.560745
57.858665
80.58073
37.32874
36.45983
71.09847
62.95631
29.726227
52.18053
44.45098
37.555775
58.72887
103.449326
41.816105
55.699684
65.55613
43.305855
29.782974
35.225372
34.043503
33.160816
37.51808
36.479797
35.56778
35.38423
39.881542
35.8848
34.43393
34.405193
36.547207
33.872856
39.39088
35.58168
36.68025
37.278694
37.36805
37.699146
34.711964
35.198
33.807087
33.219414
35.889523
37.92807
38.18145
38.48003
37.186
38.29193
35.324432
38.128258
34.34335
38.1269
36.78337
37.41956
36.58809
35.863243
37.973785
36.56637
37.120617
34.709057
34.44512
35.774246
34.370346
36.030014
36.364964
35.658012
37.874344
33.955173
38.4442
38.319122
38.99598
36.797436
38.55669
36.607346
37.42115
34.67993
37.011497
32.596783
37.05628
36.00886
34.883743
35.71415
37.736485
39.201538
34.840023
39.367252
38.64192
35.942368
37.622936
42.939667
39.03589
39.560104
37.10663
35.917164
36.78268
34.919685
33.537426
34.12157
37.20976
36.254944
36.085438
33.8241
38.389954
34.747234
39.377087
38.14399
36.04261
40.336178
34.32949
37.200775
35.52722
36.63786
35.86271
34.11866
36.93286
35.423374
36.9583
35.34475
39.94259
36.335995
37.373123
36.05954
33.09779
38.38194
37.204422
34.107307
38.776314
36.758415
32.77716
37.762844
33.467712
32.89364
35.230366
36.577408
34.054955
39.151623
36.108517
34.667557
36.106472
32.78481
37.46066
36.520588
36.384567
34.034943
36.64238
33.948948
37.96488
36.937798
37.077095
80.91303
88.7221
46.776363
56.068245
46.7098
32.840008
37.95178
44.85825
39.047607
60.25661
40.891304
54.500362
36.301426
27.03061
48.2962
32.58808
75.80253
48.93359
93.24309
42.425156
44.858395
31.933537
31.876457
36.18584
42.1481
41.863228
102.463425
83.183395
47.314938
43.959705
47.524143
73.61679
42.607864
49.802635
38.499985
28.89528
25.294516
29.070372
92.337135
39.474995
85.06128
46.06259
38.781162
63.262814
36.221024
30.141258
40.637062
104.260185
45.02672
74.71075
65.14155
80.40925
63.95096
49.056206
40.663597
36.095882
81.630264
92.085785
49.254803
51.884377
57.61068
82.01435
37.516617
36.939396
72.41368
63.306915
29.158873
52.40172
44.248783
37.155083
58.24749
102.65667
41.650932
55.74264
65.271576
43.91871
30.76611
36.706127
34.947926
36.20337
38.283936
37.164555
34.07409
34.728523
35.305252
36.503445
37.2603
38.045513
38.290512
35.764877
36.19331
35.266563
36.085632
34.96911
37.84552
36.47737
39.600666
39.310318
39.35071
36.861343
36.00486
38.39556
32.223957
35.09938
37.163277
37.136063
34.41342
34.896156
34.247528
38.140533
37.50172
36.63519
33.491547
37.909496
36.75482
35.292194
36.27882
37.64755
38.02732
39.245087
37.382195
35.357857
37.539448
37.052593
36.512875
35.568996
36.072083
35.62566
37.054237
36.21277
37.147984
35.997604
36.27597
35.247185
34.85151
36.282867
35.30964
36.114716
35.26383
37.6103
36.72279
37.11511
38.418285
35.17669
32.99387
35.21126
39.14456
34.901802
36.267113
37.060707
33.292065
36.376568
37.565617
35.26988
34.395996
38.134457
36.097218
37.55349
39.452435
37.218426
36.598053
36.80589
36.077282
36.675724
35.81542
34.97744
35.6887
35.025936
36.207855
39.238586
35.078754
37.875553
38.54093
34.822826
37.67597
33.285625
34.744293
34.43792
38.528748
35.392147
37.815178
36.805428
34.990093
38.754623
36.13362
39.039074
37.020527
34.9855
37.050346
35.860966
35.962063
36.10729
35.46646
35.564255
35.75541
38.540073
34.157352
36.966484
36.511993
38.521904
35.744305
37.390903
37.698105
34.417572
40.28602
36.69588
36.25215
80.37428
88.31406
47.073574
55.936275
46.75753
32.509968
38.122723
45.050827
39.38075
60.27098
40.910984
55.131603
35.731842
26.800825
49.103436
32.148296
75.6467
48.772026
92.43905
42.78627
45.986725
31.205793
31.927055
35.824314
41.474003
41.870296
102.829704
84.01855
47.814552
43.223255
48.155216
74.31706
43.19431
48.979248
38.52606
27.815607
24.426025
28.201138
92.77772
38.908066
85.03051
46.745358
38.975216
64.190094
36.693344
29.685461
40.951195
105.56298
45.33012
74.408936
64.86235
80.17189
64.18486
49.498642
41.92831
36.637554
83.35341
92.01806
48.95147
52.06139
58.40345
81.63652
37.313602
36.132645
71.82579
63.287693
29.295708
52.292854
44.321014
37.58967
59.055748
103.50908
42.081955
55.98462
65.07697
43.430573
30.482788
35.470387
36.671837
33.17064
33.54236
34.643246
34.705235
35.84231
38.43998
38.02175
34.628056
35.681316
37.29604
34.86832
37.703342
36.227837
36.840984
38.536453
34.047398
35.373722
36.820976
34.13097
35.41757
37.80857
35.23645
39.109814
34.353096
36.090424
34.755226
35.852898
35.941013
37.797646
36.651936
37.70613
38.210243
35.374332
36.176964
37.924282
36.329254
36.527225
35.637535
34.272552
41.239197
35.72692
36.534714
35.14509
36.66616
38.48392
37.959938
35.636654
35.38269
36.068386
33.57783
35.525913
36.271175
34.148712
38.46535
35.80475
35.299084
36.68976
36.275253
35.853153
35.028168
35.965816
35.295692
39.20938
33.645885
36.825848
36.264347
33.18375
33.68263
34.560753
38.073284
34.165188
33.717876
37.370487
35.47396
37.63157
37.520638
35.46798
36.12663
35.758854
34.593628
35.119186
39.241653
35.244633
38.0377
36.74343
36.815712
33.519108
36.46154
36.82213
38.07866
34.61515
34.071182
33.844784
35.29878
36.7652
34.05918
35.994762
35.69706
36.243053
40.361153
34.784218
34.017403
36.573933
37.447998
39.748737
39.593864
39.71041
37.480038
34.68837
37.570797
34.12517
33.94057
38.79919
39.005917
36.399117
37.925846
36.00935
35.722473
39.58249
39.235302
37.474323
34.43094
36.66355
35.006134
36.97589
34.638615
33.851097
39.26985
80.06017
88.11451
47.75515
55.593613
47.496532
33.1429
38.016598
44.321857
37.753014
60.6938
40.84142
54.606712
36.56423
26.933193
49.29773
32.368763
74.90309
48.636436
93.03332
43.195778
44.690304
31.48211
32.063217
35.698532
41.086487
41.3817
103.39457
85.200615
47.869865
42.964806
47.97989
74.55562
44.6529
49.25378
38.12754
28.225584
24.763527
28.75507
92.4541
39.037
84.403984
47.75488
37.977867
61.93077
35.84941
30.35108
41.54129
103.40587
44.61593
74.121086
64.6731
80.44795
63.74698
49.899235
41.105812
35.327877
81.79139
90.14107
49.344227
52.170345
57.37429
83.01762
38.05395
36.898155
72.488304
63.63818
29.780573
52.90323
45.291454
37.222588
57.586647
101.515526
41.5895
55.479137
65.65876
44.257797
31.125633
35.976425
36.61537
34.896477
35.54471
35.08703
37.18366
36.148052
34.91065
38.63686
36.18427
36.04072
37.824726
38.097588
38.987793
37.657207
35.566956
33.882164
35.37569
35.51151
35.288925
39.59241
37.307636
35.66895
37.56593
37.38882
34.262924
36.799065
39.636684
33.32433
37.321655
34.346783
33.623245
39.707317
35.764046
34.996784
37.71083
35.48865
36.78255
34.848045
34.7017
36.595375
37.19469
35.518604
34.30446
35.619938
38.127197
38.93025
39.074486
35.263332
35.047386
34.460854
35.27389
37.932156
39.526176
36.965862
36.766983
33.781567
37.531036
35.744686
37.367718
36.210545
35.96176
36.981586
36.57823
36.131805
35.38104
39.497044
35.68345
35.73405
38.275997
38.321774
35.68301
37.206787
33.96302
35.855618
37.15475
35.663624
36.362297
41.35758
39.089855
34.614964
37.97399
37.523537
34.99639
35.588844
35.419086
35.34596
34.708572
37.755512
35.32417
34.46378
36.374058
34.91656
34.369778
36.55018
38.178135
36.367928
35.20545
35.894497
34.644142
37.63453
34.59073
38.70956
35.900208
35.178677
38.209507
35.383358
35.824356
35.65129
32.64046
35.109055
36.157093
37.41246
34.866703
38.628033
35.464
34.418148
35.940563
38.96886
37.73816
38.88279
34.111782
35.078526
33.546803
36.660522
38.03138
36.570705
36.2479
34.435257
37.91675
80.618576
88.41627
47.206112
55.008453
46.521
33.10084
37.028618
44.41744
37.806736
61.11062
39.920067
54.066647
37.124065
27.269152
48.452526
32.572117
75.5526
49.416306
93.62704
42.636353
43.73158
32.458225
31.989763
35.731544
41.647007
41.62887
102.937546
84.31184
47.068283
44.42244
47.861732
73.481
43.313656
50.09023
38.26219
28.620153
25.41762
29.373192
92.47479
39.213276
85.440475
46.77838
39.584034
61.782703
35.981346
30.79087
41.02317
102.7154
44.15017
74.77342
64.656075
80.9592
64.0301
49.475548
39.885777
35.65185
81.02913
90.10571
50.419178
52.15273
56.87846
81.40248
37.75965
36.97086
72.54833
63.67032
29.428822
53.377792
45.000668
37.40305
57.65688
101.205894
41.58389
54.874344
65.52546
44.932392
30.554777
34.77786
37.206646
36.711407
35.24864
38.52252
33.294018
38.133804
35.292126
37.901997
36.50573
38.364563
38.443005
38.047882
35.53135
34.413204
34.326298
34.624283
39.281548
38.577347
35.688034
38.65943
37.47583
35.48367
36.668514
37.17263
35.42955
36.951626
38.462036
36.968426
34.291035
38.322475
32.94743
38.447617
36.813797
39.51002
35.861618
40.41998
32.930046
39.164566
32.41892
37.6032
36.498295
37.100937
39.440792
41.04234
34.76836
36.65161
35.325943
33.837574
32.607014
39.90036
38.43761
39.539505
39.48761
37.138042
37.485138
38.36512
35.18641
35.817345
39.30693
33.457607
35.825764
40.262318
35.935577
37.925636
35.044926
37.815308
36.010754
35.806774
36.4733
35.211845
32.51952
38.662014
35.999954
35.473595
38.63648
35.87354
34.655354
33.603363
38.37935
37.42043
34.03883
39.041225
33.24046
34.870937
34.584606
36.398388
32.22208
37.616405
36.21544
37.324684
35.139587
35.51463
37.44984
35.030586
36.169044
36.189648
36.95395
35.263115
36.077526
37.476463
35.537712
35.13114
37.370758
37.204178
35.98245
36.318577
36.45847
34.375927
34.41687
36.901005
36.94305
39.31849
35.655888
39.70353
35.322327
35.60054
37.988144
35.968487
35.1412
36.72675
38.804813
36.923187
37.41747
36.35339
37.19375
39.48897
35.730362
35.990784
37.393524
80.33416
88.43573
47.20138
55.35493
46.722675
32.992184
37.794827
44.707775
38.38888
60.52766
41.157845
54.18398
36.730347
27.149862
49.04212
32.807167
75.30599
49.08121
93.61792
43.169003
44.430172
32.097076
32.136494
35.837925
42.30443
43.103546
103.00752
83.98104
47.712402
44.978
47.732197
73.18115
43.101353
51.296005
38.116585
28.644213
25.082787
28.843199
92.250534
39.41727
85.47752
46.44548
39.022236
62.191757
36.05094
30.123768
41.151188
103.71152
44.707573
74.6613
64.966835
80.57927
64.31198
50.23912
40.732357
35.564205
81.68503
90.6485
49.808605
52.38365
57.50157
82.618645
38.176678
37.675556
73.3253
63.319633
29.364468
53.05836
45.212753
37.81139
58.16731
102.10407
41.701363
55.353825
65.002014
45.090904
31.711182
37.963642
34.878326
38.077854
38.429897
35.850212
35.10172
33.238808
37.442463
34.305153
35.45908
41.19609
37.016624
35.99434
33.797943
36.360054
35.65723
35.39232
36.831245
34.6923
35.596573
36.106216
33.641502
34.59352
34.391804
36.83525
36.81522
33.409637
36.364258
34.021534
38.9787
38.17002
36.47468
34.429035
36.857735
36.577446
34.93582
36.750504
37.935795
37.192978
34.178875
37.97535
37.875202
36.626328
35.088287
38.255257
41.13002
35.61529
37.337547
37.62788
36.452248
37.26177
35.029053
36.546417
36.048138
33.619175
36.806046
34.889095
40.096382
35.829235
36.40473
38.0715
35.107956
37.274757
33.280445
35.669838
38.604874
37.563198
35.795662
36.788754
37.796513
35.47176
34.478302
36.410194
38.147602
35.51466
42.709896
38.280396
38.41072
36.20519
36.18313
36.483315
36.28629
35.043667
36.482624
38.35261
34.84924
40.308674
33.966526
37.458187
34.521755
35.353085
34.02944
36.544117
37.809574
35.77632
36.911972
37.004894
35.24637
38.193314
34.95892
35.479027
34.559635
34.27495
35.61555
36.174397
35.165066
38.122482
37.668575
37.581306
36.24794
39.967648
35.37716
37.03229
35.327213
36.960083
36.544147
36.192337
36.855957
36.96074
38.55825
35.73213
34.17756
39.519768
39.77581
36.461437
37.15854
34.257133
37.099102
35.33523
36.637
80.999374
89.62942
47.314133
55.411118
47.499283
33.70468
38.49664
45.009167
37.86612
61.26915
40.56887
54.845837
36.835117
26.618328
48.00443
32.351326
75.53955
48.97011
93.98584
43.087902
44.521786
31.135923
32.539165
35.898983
41.399532
41.954178
101.80917
83.68126
46.83761
44.13606
48.15327
74.09545
43.48415
50.326115
38.2462
29.43474
24.902536
29.11631
92.47858
39.74958
85.03533
47.49084
38.023067
62.093914
36.07603
30.00797
42.263783
102.90374
43.970123
74.66554
65.03229
79.9843
64.01261
49.94388
41.350197
35.810356
82.331924
90.11484
48.9361
52.82186
57.483826
81.817505
38.939156
36.988594
72.201355
62.32072
29.28623
52.95683
45.885662
38.266373
58.17961
101.8981
41.662254
55.47861
66.28646
43.994762
30.97569
35.019558
36.630383
36.584366
37.213684
35.30506
35.27019
35.37031
36.622528
38.943146
34.83189
32.779606
37.34183
34.765625
35.596867
34.582108
35.884865
34.7967
35.487602
34.8176
35.81308
34.418156
35.933327
35.482067
34.863953
38.55406
35.031563
36.83732
35.492157
37.53161
35.881973
37.41509
39.75931
37.216328
37.526333
36.730293
34.76176
37.95169
35.248714
35.33552
35.34828
35.507343
36.54111
34.0819
35.300377
35.829906
34.402905
35.428658
34.279564
36.42349
34.69119
35.783493
39.453896
35.77649
40.743614
35.54821
35.387974
37.73754
37.220825
36.924454
37.32127
38.38382
37.713684
36.552223
35.703537
37.220097
35.061813
35.40459
35.821423
34.46538
35.221836
35.662064
36.59918
34.582863
36.940113
36.87374
38.407547
36.70915
34.0896
35.3412
37.986713
39.823444
36.597343
35.792118
37.87586
39.54718
36.071625
36.050465
38.044323
39.26633
37.063896
35.88146
37.56216
34.777916
35.677746
37.123997
35.741894
35.631046
37.236927
38.24544
34.75918
38.249798
35.144928
32.81227
34.58758
37.106438
34.833256
39.12659
35.222557
35.739925
35.802544
36.64322
37.243755
36.417477
38.268063
34.254585
35.118626
35.735416
39.87784
37.20099
34.93097
38.537148
35.78384
37.783516
34.306225
36.669613
36.037357
37.32648
35.918343
36.776154
36.58595
80.87753
88.82114
46.216263
56.1141
47.024364
33.113415
37.896008
44.558502
38.7884
60.420517
40.26444
53.935
36.816914
27.0433
46.821037
32.52926
77.10942
49.33982
92.65869
42.657707
44.080532
31.630836
31.553095
36.22999
42.78875
41.80681
101.99369
83.17505
47.309677
45.8623
47.04116
73.734924
42.489655
50.172874
38.530342
30.287584
25.74282
29.497978
91.91932
38.999878
85.087105
46.16353
39.593353
62.592693
36.409023
30.529734
40.47594
103.14593
46.285374
74.69371
64.99547
79.835846
63.772694
48.680664
39.934204
36.21007
81.11525
92.36999
49.228436
52.23552
57.627243
80.1639
37.637127
36.68623
72.127335
62.414413
28.995054
53.026855
44.165905
37.3478
58.43268
102.61589
41.58591
56.594646
67.50895
44.667038
29.823442
37.147667
35.34779
34.62294
33.659657
35.79935
34.698864
36.116005
36.36223
37.96978
36.59951
36.11022
36.786343
39.182755
33.275787
36.674225
39.745422
38.94963
36.50815
37.866375
37.190136
34.99401
38.541946
38.085785
40.558735
36.463387
35.86484
38.250225
38.987076
36.894127
36.32609
34.6814
37.93305
33.667034
35.97843
40.945267
34.168972
35.44196
37.42917
35.155758
36.82988
35.807217
34.146698
36.11976
35.324226
38.46894
35.375015
35.58022
37.022804
35.487804
35.24768
33.28871
36.526432
38.336178
35.139656
37.838646
39.042336
36.438377
36.23943
37.69808
36.754364
38.12747
34.424694
36.422913
37.217113
35.966026
35.53898
35.540936
34.433537
39.787273
34.711548
39.19375
37.091736
37.872307
36.149696
42.28062
36.111332
33.863903
37.24295
33.81431
37.72063
37.500538
36.081154
38.238792
37.739548
33.7492
39.62236
33.989685
39.02251
35.58418
33.651054
34.47207
37.6222
34.87059
37.88298
37.890392
35.621113
35.647182
36.829098
35.927986
35.958893
41.565575
36.83161
33.549965
37.140003
33.204018
37.615685
38.440216
36.982037
35.235245
34.618034
36.67267
37.77893
34.25704
34.967636
34.96552
35.237198
35.781116
38.648857
35.78451
36.73476
36.05461
32.969402
37.46926
38.30628
35.295036
36.520912
36.985065
33.809635
34.987896
37.638725
80.58322
89.28856
46.13633
56.137848
46.923462
32.90131
38.23906
45.077354
39.53263
59.7203
40.861015
54.492138
36.287563
27.26398
47.803463
32.35765
76.726166
48.94057
92.130394
42.886837
44.994907
31.305096
31.290483
36.041313
42.891304
43.00235
101.89058
83.02252
48.232384
45.091953
47.025158
73.442406
42.7261
50.102146
38.502922
29.950462
25.367132
28.863525
91.65023
38.56499
84.91362
45.059223
38.459503
63.30548
36.829845
30.220575
40.385365
104.765526
46.39012
74.788925
64.85312
80.05353
63.81073
49.219727
41.05794
36.350895
82.032135
92.28257
48.637672
52.742905
58.3707
81.119316
37.63803
37.113403
72.14464
62.53369
29.64301
52.672714
44.40487
37.774254
59.385265
104.14997
41.94874
56.458893
66.48144
43.927036
30.254166
33.060944
38.677643
35.80854
36.001003
35.91762
36.757023
33.78017
39.046524
35.198677
38.11647
36.53729
36.92711
37.28605
40.54707
35.448994
38.638317
36.470734
35.3449
35.1065
34.644688
37.63668
33.290768
37.651024
37.998398
37.644817
38.21031
36.491886
33.585907
39.239414
33.667393
38.901905
36.131065
35.94139
33.86381
36.54801
37.3318
37.493366
35.332726
36.33432
40.824944
34.90326
35.643974
34.490555
36.76739
35.56002
35.361794
37.178505
37.341206
35.48746
34.631924
36.455
36.84613
33.413136
40.731853
35.689133
37.531654
36.869778
37.75208
38.21051
36.141598
37.975323
37.73351
35.3994
35.8128
38.777214
35.62173
37.90288
35.636265
38.25452
32.755383
35.359
36.775375
35.173992
34.93454
37.105083
35.931427
36.24423
37.286995
40.06753
38.33305
34.15389
35.66497
37.50552
35.715725
36.054176
39.7426
35.96793
34.926086
35.322548
35.378033
37.370083
37.51132
35.003124
35.67741
33.93073
40.94183
34.615105
35.977528
35.797714
37.373
38.40723
37.670242
35.282013
37.689075
36.63305
36.220764
35.30012
35.29272
35.819874
37.344425
37.58307
36.71707
35.849964
37.972286
34.31262
36.63266
34.57263
37.818592
33.581257
45.732204
33.599903
37.97936
38.364918
35.26917
33.7618
38.379086
34.26323
37.31015
38.390675
37.49826
82.1701
90.6394
45.64126
56.708607
47.784435
32.924397
38.912395
46.384617
40.11802
61.019714
39.176094
55.48108
37.296394
26.928947
45.212784
32.207073
79.175735
50.029182
93.22956
42.688763
45.307335
30.306938
32.12685
36.858116
43.878185
43.54483
98.874954
80.82317
47.71021
47.42106
48.213535
74.38847
41.112648
50.974167
39.25302
32.061226
25.187565
29.118675
91.94282
39.658188
85.670135
46.131687
40.00673
64.750435
37.801304
29.925175
41.60725
104.397705
46.650837
75.71027
66.13913
77.85973
64.5998
48.535164
41.469395
37.38917
83.88982
93.52968
47.028465
54.11611
58.980076
77.48505
38.37026
35.327335
69.73546
60.7874
29.62151
52.291145
44.717136
38.79171
60.05892
105.143326
42.290024
57.326878
69.31972
42.28499
28.31327
34.35761
34.14045
35.437733
37.0555
34.97392
35.614502
37.43589
36.380077
36.589737
35.377502
40.07215
33.380173
35.72078
34.188686
38.693844
38.949127
35.76182
36.977478
35.701202
35.85178
35.683247
37.650635
35.54683
35.14962
37.790318
32.39583
35.619846
34.65985
38.462887
33.752403
37.925114
33.581802
37.43433
37.34093
38.236965
35.535114
35.244392
32.47584
35.11323
35.788406
35.04779
36.71615
36.36822
41.867847
38.0195
34.761875
35.392395
36.190456
35.201534
35.632347
36.39937
34.595264
39.737812
36.0243
36.89013
33.124
35.554768
36.229828
35.419064
36.63667
34.945927
36.16551
34.379974
37.30745
35.53343
36.51577
38.976357
37.17836
38.131077
36.663834
36.359463
38.600075
34.54077
35.92593
35.943546
33.007523
34.736656
38.34411
34.42008
36.440052
38.96855
37.3594
35.15679
35.75074
36.52172
35.819942
39.142735
37.481403
36.856445
36.429424
38.27713
34.338165
34.95987
37.432106
34.881092
36.219837
37.114094
34.09688
37.872387
39.07179
37.794754
37.79266
37.062256
36.63769
34.20914
36.718395
35.89628
35.620995
38.22204
37.66092
35.926296
38.895195
36.214718
34.453915
34.456802
35.782005
35.33698
36.468845
38.34607
35.090343
36.280888
34.898945
34.573315
34.911957
38.108665
34.54985
37.64404
35.40948
35.9476
36.589417
81.27793
89.70304
46.43651
55.977623
47.718494
32.83063
38.34466
45.5618
39.182743
60.81943
40.093437
54.735672
36.663616
26.798971
47.371334
31.989285
77.03554
49.236214
93.182976
42.59526
44.815216
31.014929
32.09824
36.53279
42.450134
42.60608
100.59921
82.48933
47.421677
44.833855
48.298252
74.311966
42.70976
50.373745
38.82181
29.765135
24.928862
28.728575
92.66013
39.24739
85.313545
45.95764
38.574
63.905785
36.96726
29.952435
41.337914
104.14379
45.37522
74.97547
65.423065
78.98918
64.23014
49.06405
41.26065
36.53042
82.566605
92.139336
47.61065
53.13242
57.61977
80.73161
37.961124
36.187756
71.45251
62.00332
29.361282
52.199497
44.72168
38.08951
58.824997
103.2999
41.811325
56.011696
67.31532
43.190964
29.854586
80.17416
88.541275
46.997967
55.916306
46.766953
32.257317
37.71584
44.69055
38.902653
60.298313
40.040176
55.197243
36.209503
27.07323
48.385475
31.94423
76.01308
49.041725
92.307
42.50414
45.076366
31.340141
31.464344
35.52379
41.49918
41.840927
102.77609
83.832245
48.148537
43.34289
47.650707
74.03839
43.681347
48.821922
38.482918
28.561216
24.757772
28.724504
91.87783
38.298485
85.00299
46.630833
38.100277
63.663094
36.619884
29.938337
40.495296
104.22789
45.0725
74.608246
64.74984
79.54925
63.998665
49.113888
41.309746
36.093197
82.5891
91.356804
49.05816
52.560745
57.858665
80.58073
37.32874
36.45983
71.09847
62.95631
29.726227
52.18053
44.45098
37.555775
58.72887
103.449326
41.816105
55.699684
65.55613
43.305855
29.782974
